district_code,province_vi,province_en,district_equiv_vi,district_vi,district_en,total,total_male,total_female,total_urban,total_urban_male,total_urban_female,total_rural,total_rural_male,total_rural_female
883,An Giang,An Giang,Thành phố,Long Xuyên,Long Xuyen,272365,133320,139045,239588,117027,122561,32777,16293,16484
884,An Giang,An Giang,Thành phố,Châu Đốc,Chau Doc,101765,49564,52201,90495,43877,46618,11270,5687,5583
886,An Giang,An Giang,Huyện,An Phú,An Phu,148615,74001,74614,19263,9612,9651,129352,64389,64963
887,An Giang,An Giang,Thị xã,Tân Châu,Tan Chau,141211,69176,72035,54214,26389,27825,86997,42787,44210
888,An Giang,An Giang,Huyện,Phú Tân,Phu Tan,188951,94069,94882,33741,16491,17250,155210,77578,77632
889,An Giang,An Giang,Huyện,Châu Phú,Chau Phu,206676,102793,103883,16958,8269,8689,189718,94524,95194
890,An Giang,An Giang,Huyện,Tịnh Biên,Tinh Bien,108562,53560,55002,32301,15833,16468,76261,37727,38534
891,An Giang,An Giang,Huyện,Tri Tôn,Tri Ton,117431,58589,58842,27485,13473,14012,89946,45116,44830
892,An Giang,An Giang,Huyện,Châu Thành,Chau Thanh,151368,76309,75059,22998,11475,11523,128370,64834,63536
893,An Giang,An Giang,Huyện,Chợ Mới,Cho Moi,307981,153741,154240,24858,12139,12719,283123,141602,141521
894,An Giang,An Giang,Huyện,Thoại Sơn,Thoai Son,163427,82448,80979,40969,20295,20674,122458,62153,60305
747,Bà Rịa - Vũng Tàu,Ba Ria - Vung Tau,Thành phố,Vũng Tàu,Vung Tau,357124,177224,179900,341552,169130,172422,15572,8094,7478
748,Bà Rịa - Vũng Tàu,Ba Ria - Vung Tau,Thành phố,Bà Rịa,Ba Ria,108701,53479,55222,72111,35191,36920,36590,18288,18302
750,Bà Rịa - Vũng Tàu,Ba Ria - Vung Tau,Huyện,Châu Đức,Chau Duc,143859,72210,71649,16472,8282,8190,127387,63928,63459
751,Bà Rịa - Vũng Tàu,Ba Ria - Vung Tau,Huyện,Xuyên Mộc,Xuyen Moc,140723,71022,69701,16315,8171,8144,124408,62851,61557
752,Bà Rịa - Vũng Tàu,Ba Ria - Vung Tau,Huyện,Long Điền,Long Dien,135763,67897,67866,59210,29355,29855,76553,38542,38011
753,Bà Rịa - Vũng Tàu,Ba Ria - Vung Tau,Huyện,Đất Đỏ,Dat Do,73530,36825,36705,42641,21159,21482,30889,15666,15223
754,Bà Rịa - Vũng Tàu,Ba Ria - Vung Tau,Thị xã,Phú Mỹ,Phu My,179786,92993,86793,122349,63371,58978,57437,29622,27815
755,Bà Rịa - Vũng Tàu,Ba Ria - Vung Tau,Huyện,Côn Đảo,Con Dao,8827,4578,4249,0,0,0,8827,4578,4249
213,Bắc Giang,Bac Giang,Thành phố,Bắc Giang,Bac Giang,174229,86019,88210,109367,53652,55715,64862,32367,32495
215,Bắc Giang,Bac Giang,Huyện,Yên Thế,Yen The,101135,50234,50901,7816,3757,4059,93319,46477,46842
216,Bắc Giang,Bac Giang,Huyện,Tân Yên,Tan Yen,177265,88309,88956,9141,4547,4594,168124,83762,84362
217,Bắc Giang,Bac Giang,Huyện,Lạng Giang,Lang Giang,216996,107989,109007,9746,4741,5005,207250,103248,104002
218,Bắc Giang,Bac Giang,Huyện,Lục Nam,Luc Nam,226194,115099,111095,12975,6567,6408,213219,108532,104687
219,Bắc Giang,Bac Giang,Huyện,Lục Ngạn,Luc Ngan,226540,117287,109253,8113,4001,4112,218427,113286,105141
220,Bắc Giang,Bac Giang,Huyện,Sơn Động,Son Dong,76106,39419,36687,9504,4847,4657,66602,34572,32030
221,Bắc Giang,Bac Giang,Huyện,Yên Dũng,Yen Dung,152125,75561,76564,14673,7188,7485,137452,68373,69079
222,Bắc Giang,Bac Giang,Huyện,Việt Yên,Viet Yen,205900,101599,104301,18357,9147,9210,187543,92452,95091
223,Bắc Giang,Bac Giang,Huyện,Hiệp Hòa,Hiep Hoa,247460,123636,123824,5931,2924,3007,241529,120712,120817
058,Bắc Kạn,Bac Kan,Thành phố,Bắc Kạn,Bac Kan,45036,22406,22630,38510,19135,19375,6526,3271,3255
060,Bắc Kạn,Bac Kan,Huyện,Pắc Nặm,Pac Nam,33439,17009,16430,0,0,0,33439,17009,16430
061,Bắc Kạn,Bac Kan,Huyện,Ba Bể,Ba Be,48325,24774,23551,4499,2181,2318,43826,22593,21233
062,Bắc Kạn,Bac Kan,Huyện,Ngân Sơn,Ngan Son,29269,14946,14323,6459,3257,3202,22810,11689,11121
063,Bắc Kạn,Bac Kan,Huyện,Bạch Thông,Bach Thong,31061,15878,15183,1906,995,911,29155,14883,14272
064,Bắc Kạn,Bac Kan,Huyện,Chợ Đồn,Cho Don,49554,25441,24113,7180,3525,3655,42374,21916,20458
065,Bắc Kạn,Bac Kan,Huyện,Chợ Mới,Cho Moi,38958,19928,19030,2566,1295,1271,36392,18633,17759
066,Bắc Kạn,Bac Kan,Huyện,Na Rì,Na Ri,38263,19654,18609,4012,1912,2100,34251,17742,16509
954,Bạc Liêu,Bac Lieu,Thành phố,Bạc Liêu,Bac Lieu,156110,76837,79273,115508,56147,59361,40602,20690,19912
956,Bạc Liêu,Bac Lieu,Huyện,Hồng Dân,Hong Dan,111848,56519,55329,11394,5596,5798,100454,50923,49531
957,Bạc Liêu,Bac Lieu,Huyện,Phước Long,Phuoc Long,124268,62852,61416,21273,10693,10580,102995,52159,50836
958,Bạc Liêu,Bac Lieu,Huyện,Vĩnh Lợi,Vinh Loi,101025,50729,50296,14838,7363,7475,86187,43366,42821
959,Bạc Liêu,Bac Lieu,Thị xã,Giá Rai,Gia Rai,143613,71492,72121,52287,25723,26564,91326,45769,45557
960,Bạc Liêu,Bac Lieu,Huyện,Đông Hải,Dong Hai,152619,76574,76045,13957,7110,6847,138662,69464,69198
961,Bạc Liêu,Bac Lieu,Huyện,Hoà Bình,Hoa Binh,117753,58969,58784,22381,11072,11309,95372,47897,47475
256,Bắc Ninh,Bac Ninh,Thành phố,Bắc Ninh,Bac Ninh,247702,120780,126922,200285,98738,101547,47417,22042,25375
258,Bắc Ninh,Bac Ninh,Huyện,Yên Phong,Yen Phong,192674,90752,101922,18738,9488,9250,173936,81264,92672
259,Bắc Ninh,Bac Ninh,Huyện,Quế Võ,Que Vo,195666,95690,99976,9504,4790,4714,186162,90900,95262
260,Bắc Ninh,Bac Ninh,Huyện,Tiên Du,Tien Du,176460,89572,86888,13055,6628,6427,163405,82944,80461
261,Bắc Ninh,Bac Ninh,Thị xã,Từ Sơn,Tu Son,176410,90284,86126,101755,51823,49932,74655,38461,36194
262,Bắc Ninh,Bac Ninh,Huyện,Thuận Thành,Thuan Thanh,171942,85927,86015,14365,7180,7185,157577,78747,78830
263,Bắc Ninh,Bac Ninh,Huyện,Gia Bình,Gia Binh,103517,51278,52239,8203,4115,4088,95314,47163,48151
264,Bắc Ninh,Bac Ninh,Huyện,Lương Tài,Luong Tai,104469,51777,52692,10795,5399,5396,93674,46378,47296
829,Bến Tre,Ben Tre,Thành phố,Bến Tre,Ben Tre,124499,59333,65166,63373,29735,33638,61126,29598,31528
831,Bến Tre,Ben Tre,Huyện,Châu Thành,Chau Thanh,175893,85143,90750,4658,2246,2412,171235,82897,88338
832,Bến Tre,Ben Tre,Huyện,Chợ Lách,Cho Lach,111418,54602,56816,8277,3986,4291,103141,50616,52525
833,Bến Tre,Ben Tre,Huyện,Mỏ Cày Nam,Mo Cay Nam,143577,69431,74146,10661,5078,5583,132916,64353,68563
834,Bến Tre,Ben Tre,Huyện,Giồng Trôm,Giong Trom,169987,83582,86405,9611,4671,4940,160376,78911,81465
835,Bến Tre,Ben Tre,Huyện,Bình Đại,Binh Dai,137304,68208,69096,9915,4856,5059,127389,63352,64037
836,Bến Tre,Ben Tre,Huyện,Ba Tri,Ba Tri,184734,91742,92992,10235,4917,5318,174499,86825,87674
837,Bến Tre,Ben Tre,Huyện,Thạnh Phú,Thanh Phu,127841,63107,64734,9570,4613,4957,118271,58494,59777
838,Bến Tre,Ben Tre,Huyện,Mỏ Cày Bắc,Mo Cay Bac,113210,55344,57866,0,0,0,113210,55344,57866
540,Bình Định,Binh Dinh,Thành phố,Quy Nhơn,Quy Nhon,290053,141773,148280,263892,128430,135462,26161,13343,12818
542,Bình Định,Binh Dinh,Huyện,An Lão,An Lao,27837,13770,14067,4120,1964,2156,23717,11806,11911
543,Bình Định,Binh Dinh,Huyện,Hoài Nhơn,Hoai Nhon,207995,101992,106003,30605,14848,15757,177390,87144,90246
544,Bình Định,Binh Dinh,Huyện,Hoài Ân,Hoai An,85700,42488,43212,7755,3791,3964,77945,38697,39248
545,Bình Định,Binh Dinh,Huyện,Phú Mỹ,Phu My,161563,79288,82275,18020,8741,9279,143543,70547,72996
546,Bình Định,Binh Dinh,Huyện,Vĩnh Thạnh,Vinh Thanh,30587,15212,15375,6250,3098,3152,24337,12114,12223
547,Bình Định,Binh Dinh,Huyện,Tây Sơn,Tay Son,115968,56679,59289,19698,9480,10218,96270,47199,49071
548,Bình Định,Binh Dinh,Huyện,Phù Cát,Phu Cat,183440,90923,92517,11976,5776,6200,171464,85147,86317
549,Bình Định,Binh Dinh,Thị xã,An Nhơn,An Nhon,175709,86703,89006,78976,38815,40161,96733,47888,48845
550,Bình Định,Binh Dinh,Huyện,Tuy Phước,Tuy Phuoc,180191,89504,90687,26846,13242,13604,153345,76262,77083
551,Bình Định,Binh Dinh,Huyện,Vân Canh,Van Canh,27875,13755,14120,6741,3240,3501,21134,10515,10619
718,Bình Dương,Binh Duong,Thành phố,Thủ Dầu Một,Thu Dau Mot,321607,157082,164525,321607,157082,164525,0,0,0
719,Bình Dương,Binh Duong,Huyện,Bàu Bàng,Bau Bang,92679,47167,45512,29347,15414,13933,63332,31753,31579
720,Bình Dương,Binh Duong,Huyện,Dầu Tiếng,Dau Tieng,112472,55840,56632,19300,9574,9726,93172,46266,46906
721,Bình Dương,Binh Duong,Thị xã,Bến Cát,Ben Cat,302782,152408,150374,231852,116245,115607,70930,36163,34767
722,Bình Dương,Binh Duong,Huyện,Phú Giáo,Phu Giao,89741,45913,43828,14888,7346,7542,74853,38567,36286
723,Bình Dương,Binh Duong,Thị xã,Tân Uyên,Tan Uyen,370512,190472,180040,251694,129274,122420,118818,61198,57620
724,Bình Dương,Binh Duong,Thị xã,Dĩ An,Di An,474681,239218,235463,474681,239218,235463,0,0,0
725,Bình Dương,Binh Duong,Thị xã,Thuận An,Thuan An,596227,298529,297698,588616,294785,293831,7611,3744,3867
726,Bình Dương,Binh Duong,Huyện,Bắc Tân Uyên,Bac Tan Uyen,65860,33377,32483,6129,2995,3134,59731,30382,29349
688,Bình Phước,Binh Phuoc,Thị xã,Phước Long,Phuoc Long,53992,26948,27044,43601,21771,21830,10391,5177,5214
689,Bình Phước,Binh Phuoc,Thành phố,Đồng Xoài,Dong Xoai,108595,54110,54485,80741,40150,40591,27854,13960,13894
690,Bình Phước,Binh Phuoc,Thị xã,Bình Long,Binh Long,57598,28541,29057,33585,16379,17206,24013,12162,11851
691,Bình Phước,Binh Phuoc,Huyện,Bù Gia Mập,Bu Gia Map,85013,44531,40482,0,0,0,85013,44531,40482
692,Bình Phước,Binh Phuoc,Huyện,Lộc Ninh,Loc Ninh,114319,57397,56922,9915,4820,5095,104404,52577,51827
693,Bình Phước,Binh Phuoc,Huyện,Bú Đốp,Bu Dop,57311,29206,28105,8692,4411,4281,48619,24795,23824
694,Bình Phước,Binh Phuoc,Huyện,Hớn Quản,Hon Quan,98817,49543,49274,14484,7149,7335,84333,42394,41939
695,Bình Phước,Binh Phuoc,Huyện,Đồng Phú,Dong Phu,96481,48508,47973,15064,7354,7710,81417,41154,40263
696,Bình Phước,Binh Phuoc,Huyện,Bù Đăng,Bu Dang,140077,70723,69354,10024,4996,5028,130053,65727,64326
697,Bình Phước,Binh Phuoc,Huyện,Chơn Thành,Chon Thanh,91026,45869,45157,19560,9710,9850,71466,36159,35307
698,Bình Phước,Binh Phuoc,Huyện,Phú Riềng,Phu Rieng,91450,46097,45353,0,0,0,91450,46097,45353
593,Bình Thuận,Binh Thuan,Thành phố,Phan Thiết,Phan Thiet,226736,112192,114544,194197,95924,98273,32539,16268,16271
594,Bình Thuận,Binh Thuan,Thị xã,La Gi,La Gi,107057,54021,53036,64983,32697,32286,42074,21324,20750
595,Bình Thuận,Binh Thuan,Huyện,Tuy Phong,Tuy Phong,144800,73122,71678,65048,32601,32447,79752,40521,39231
596,Bình Thuận,Binh Thuan,Huyện,Bắc Bình,Bac Binh,129374,65021,64353,27798,13944,13854,101576,51077,50499
597,Bình Thuận,Binh Thuan,Huyện,Hàm Thuận Bắc,Ham Thuan Bac,184131,92816,91315,31289,15559,15730,152842,77257,75585
598,Bình Thuận,Binh Thuan,Huyện,Hàm Thuận Nam,Ham Thuan Nam,116544,59128,57416,14697,7417,7280,101847,51711,50136
599,Bình Thuận,Binh Thuan,Huyện,Tánh Linh,Tanh Linh,98516,49313,49203,16668,8325,8343,81848,40988,40860
600,Bình Thuận,Binh Thuan,Huyện,Đức Linh,Duc Linh,126035,63075,62960,35201,17567,17634,90834,45508,45326
601,Bình Thuận,Binh Thuan,Huyện,Hàm Tân,Ham Tan,70697,35766,34931,18839,9380,9459,51858,26386,25472
602,Bình Thuận,Binh Thuan,Huyện,Phú Quí,Phu Qui,26918,13930,12988,0,0,0,26918,13930,12988
964,Cà Mau,Ca Mau,Thành phố,Cà Mau,Ca Mau,226372,111757,114615,143341,70313,73028,83031,41444,41587
966,Cà Mau,Ca Mau,Huyện,U Minh,U Minh,100876,52024,48852,7106,3614,3492,93770,48410,45360
967,Cà Mau,Ca Mau,Huyện,Thới Bình,Thoi Binh,135892,68589,67303,10032,5021,5011,125860,63568,62292
968,Cà Mau,Ca Mau,Huyện,Trần Văn Thời,Tran Van Thoi,197679,100795,96884,43781,22192,21589,153898,78603,75295
969,Cà Mau,Ca Mau,Huyện,Cái Nước,Cai Nuoc,136638,69136,67502,14482,7190,7292,122156,61946,60210
970,Cà Mau,Ca Mau,Huyện,Đầm Dơi,Dam Doi,175629,88967,86662,10476,5235,5241,165153,83732,81421
971,Cà Mau,Ca Mau,Huyện,Năm Căn,Nam Can,56813,29123,27690,16477,8300,8177,40336,20823,19513
972,Cà Mau,Ca Mau,Huyện,Phú Tân,Phu Tan,97703,49717,47986,13870,7019,6851,83833,42698,41135
973,Cà Mau,Ca Mau,Huyện,Ngọc Hiền,Ngoc Hien,66874,34793,32081,11498,6071,5427,55376,28722,26654
916,Cần Thơ,Can Tho,Quận,Ninh Kiều,Ninh Kieu,280494,133768,146726,280494,133768,146726,0,0,0
917,Cần Thơ,Can Tho,Quận,Ô Môn,O Mon,128677,64650,64027,128677,64650,64027,0,0,0
918,Cần Thơ,Can Tho,Quận,Bình Thuỷ,Binh Thuy,142164,71104,71060,142164,71104,71060,0,0,0
919,Cần Thơ,Can Tho,Quận,Cái Răng,Cai Rang,105393,52162,53231,105393,52162,53231,0,0,0
923,Cần Thơ,Can Tho,Quận,Thốt Nốt,Thot Not,155360,77674,77686,155360,77674,77686,0,0,0
924,Cần Thơ,Can Tho,Huyện,Vĩnh Thạnh,Vinh Thanh,98399,49084,49315,14984,7426,7558,83415,41658,41757
925,Cần Thơ,Can Tho,Huyện,Cờ Đỏ,Co Do,116576,59223,57353,13077,6630,6447,103499,52593,50906
926,Cần Thơ,Can Tho,Huyện,Phong Điền,Phong Dien,98424,49490,48934,10799,5351,5448,87625,44139,43486
927,Cần Thơ,Can Tho,Huyện,Thới Lai,Thoi Lai,109684,55388,54296,9609,4749,4860,100075,50639,49436
040,Cao Bằng,Cao Bang,Thành phố,Cao Bằng,Cao Bang,73549,35626,37923,61955,29831,32124,11594,5795,5799
042,Cao Bằng,Cao Bang,Huyện,Bảo Lâm,Bao Lam,65025,32825,32200,5770,2859,2911,59255,29966,29289
043,Cao Bằng,Cao Bang,Huyện,Bảo Lạc,Bao Lac,54420,27136,27284,4771,2323,2448,49649,24813,24836
044,Cao Bằng,Cao Bang,Huyện,Thông Nông,Thong Nong,23884,12030,11854,3238,1558,1680,20646,10472,10174
045,Cao Bằng,Cao Bang,Huyện,Hà Quảng,Ha Quang,34157,17310,16847,4541,2262,2279,29616,15048,14568
046,Cao Bằng,Cao Bang,Huyện,Trà Lĩnh,Tra Linh,21746,10998,10748,5127,2580,2547,16619,8418,8201
047,Cao Bằng,Cao Bang,Huyện,Trùng Khánh,Trung Khanh,48955,24564,24391,5408,2532,2876,43547,22032,21515
048,Cao Bằng,Cao Bang,Huyện,Hạ Lang,Ha Lang,25439,12880,12559,3635,1738,1897,21804,11142,10662
049,Cao Bằng,Cao Bang,Huyện,Quảng Uyên,Quang Uyen,38078,19057,19021,4808,2259,2549,33270,16798,16472
050,Cao Bằng,Cao Bang,Huyện,Phục Hoà,Phuc Hoa,22852,11576,11276,9081,4503,4578,13771,7073,6698
051,Cao Bằng,Cao Bang,Huyện,Hoà An,Hoa An,52762,26737,26025,3858,1803,2055,48904,24934,23970
052,Cao Bằng,Cao Bang,Huyện,Nguyên Bình,Nguyen Binh,39654,19715,19939,6586,3133,3453,33068,16582,16486
053,Cao Bằng,Cao Bang,Huyện,Thạch An,Thach An,29820,15166,14654,4629,2232,2397,25191,12934,12257
490,Đà Nẵng,Da Nang,Quận,Liên Chiểu,Lien Chieu,194913,99552,95361,194913,99552,95361,0,0,0
491,Đà Nẵng,Da Nang,Quận,Thanh Khê,Thanh Khe,185064,90404,94660,185064,90404,94660,0,0,0
492,Đà Nẵng,Da Nang,Quận,Hải Châu,Hai Chau,201522,96557,104965,201522,96557,104965,0,0,0
493,Đà Nẵng,Da Nang,Quận,Sơn Trà,Son Tra,157415,77848,79567,157415,77848,79567,0,0,0
494,Đà Nẵng,Da Nang,Quận,Ngũ Hành Sơn,Ngu Hanh Son,90352,43906,46446,90352,43906,46446,0,0,0
495,Đà Nẵng,Da Nang,Quận,Cẩm Lệ,Cam Le,159295,78589,80706,159295,78589,80706,0,0,0
497,Đà Nẵng,Da Nang,Huyện,Hòa Vang,Hoa Vang,145749,72126,73623,0,0,0,145749,72126,73623
643,Đắk Lắk,Dak Lak,Thành phố,Buôn Ma Thuột,Buon Ma Thuot,375590,186887,188703,245951,121583,124368,129639,65304,64335
644,Đắk Lắk,Dak Lak,Thị xã,Buôn Hồ,Buon Ho,98732,49833,48899,54766,27713,27053,43966,22120,21846
645,Đắk Lắk,Dak Lak,Huyện,Ea H'Leo,Ea H'Leo,136880,69613,67267,19813,9903,9910,117067,59710,57357
646,Đắk Lắk,Dak Lak,Huyện,Ea Súp,Ea Sup,70724,36272,34452,12940,6508,6432,57784,29764,28020
647,Đắk Lắk,Dak Lak,Huyện,Buôn Đôn,Buon Don,64251,32535,31716,0,0,0,64251,32535,31716
648,Đắk Lắk,Dak Lak,Huyện,Cư M'Gar,Cu M'Gar,177622,89563,88059,31630,15883,15747,145992,73680,72312
649,Đắk Lắk,Dak Lak,Huyện,Krông Búk,Krong Buk,64859,33108,31751,0,0,0,64859,33108,31751
650,Đắk Lắk,Dak Lak,Huyện,Krông Năng,Krong Nang,126366,64337,62029,12775,6374,6401,113591,57963,55628
651,Đắk Lắk,Dak Lak,Huyện,Ea Kar,Ea Kar,144450,72950,71500,24107,12064,12043,120343,60886,59457
652,Đắk Lắk,Dak Lak,Huyện,M'Đrắk,M'Drak,72153,36443,35710,5936,2949,2987,66217,33494,32723
653,Đắk Lắk,Dak Lak,Huyện,Krông Bông,Krong Bong,92064,46486,45578,6782,3416,3366,85282,43070,42212
654,Đắk Lắk,Dak Lak,Huyện,Krông Pắc,Krong Pac,194607,98253,96354,17857,8878,8979,176750,89375,87375
655,Đắk Lắk,Dak Lak,Huyện,Krông A Na,Krong A Na,79892,40244,39648,23145,11560,11585,56747,28684,28063
656,Đắk Lắk,Dak Lak,Huyện,Lắk,Lak,69885,34806,35079,6416,3147,3269,63469,31659,31810
657,Đắk Lắk,Dak Lak,Huyện,Cư Kuin,Cu Kuin,101247,51248,49999,0,0,0,101247,51248,49999
660,Đắk Nông,Dak Nong,Thị xã,Gia Nghĩa,Gia Nghia,63046,32526,30520,41641,21366,20275,21405,11160,10245
661,Đắk Nông,Dak Nong,Huyện,Đăk Glong,Dak Glong,67782,34938,32844,0,0,0,67782,34938,32844
662,Đắk Nông,Dak Nong,Huyện,Cư Jút,Cu Jut,91621,46646,44975,16893,8466,8427,74728,38180,36548
663,Đắk Nông,Dak Nong,Huyện,Đắk Mil,Dak Mil,99892,50863,49029,11487,5690,5797,88405,45173,43232
664,Đắk Nông,Dak Nong,Huyện,Krông Nô,Krong No,74446,38087,36359,7288,3666,3622,67158,34421,32737
665,Đắk Nông,Dak Nong,Huyện,Đắk Song,Dak Song,80514,41900,38614,6653,3391,3262,73861,38509,35352
666,Đắk Nông,Dak Nong,Huyện,Đắk R'Lấp,Dak R'Lap,83555,43388,40167,10808,5512,5296,72747,37876,34871
667,Đắk Nông,Dak Nong,Huyện,Tuy Đức,Tuy Duc,61312,32365,28947,0,0,0,61312,32365,28947
094,Điện Biên,Dien Bien,Thành phố,Điện Biên Phủ,Dien Bien Phu,58519,29185,29334,55251,27543,27708,3268,1642,1626
095,Điện Biên,Dien Bien,Thị xã,Mường Lay,Muong Lay,11162,5449,5713,6068,2950,3118,5094,2499,2595
096,Điện Biên,Dien Bien,Huyện,Mường Nhé,Muong Nhe,45727,23683,22044,0,0,0,45727,23683,22044
097,Điện Biên,Dien Bien,Huyện,Mường Chà,Muong Cha,48005,24424,23581,4151,2109,2042,43854,22315,21539
098,Điện Biên,Dien Bien,Huyện,Tủa Chùa,Tua Chua,57460,29310,28150,3819,1967,1852,53641,27343,26298
099,Điện Biên,Dien Bien,Huyện,Tuần Giáo,Tuan Giao,87883,44451,43432,8034,3867,4167,79849,40584,39265
100,Điện Biên,Dien Bien,Huyện,Điên Biên,Dien Bien,119696,60109,59587,0,0,0,119696,60109,59587
101,Điện Biên,Dien Bien,Huyện,Điên Biên Đông,Dien Bien Dong,67080,34310,32770,3448,1799,1649,63632,32511,31121
102,Điện Biên,Dien Bien,Huyện,Mường Ảng,Muong Ang,48416,24502,23914,5365,2687,2678,43051,21815,21236
103,Điện Biên,Dien Bien,Huyện,Nậm Pồ,Nam Po,54908,28013,26895,0,0,0,54908,28013,26895
731,Đồng Nai,Dong Nai,Thành phố,Biên Hòa,Bien Hoa,1055414,524815,530599,830829,411866,418963,224585,112949,111636
732,Đồng Nai,Dong Nai,Thị xã,Long Khánh,Long Khanh,151467,75488,75979,54753,26858,27895,96714,48630,48084
734,Đồng Nai,Dong Nai,Huyện,Tân Phú,Tan Phu,153080,77307,75773,17296,8594,8702,135784,68713,67071
735,Đồng Nai,Dong Nai,Huyện,Vĩnh Cửu,Vinh Cuu,164003,81879,82124,26062,13058,13004,137941,68821,69120
736,Đồng Nai,Dong Nai,Huyện,Định Quán,Dinh Quan,187306,94173,93133,19278,9531,9747,168028,84642,83386
737,Đồng Nai,Dong Nai,Huyện,Trảng Bom,Trang Bom,349279,176266,173013,24516,12193,12323,324763,164073,160690
738,Đồng Nai,Dong Nai,Huyện,Thống Nhất,Thong Nhat,163905,82059,81846,0,0,0,163905,82059,81846
739,Đồng Nai,Dong Nai,Huyện,Cẩm Mỹ,Cam My,139362,70779,68583,0,0,0,139362,70779,68583
740,Đồng Nai,Dong Nai,Huyện,Long Thành,Long Thanh,246051,122759,123292,29802,14526,15276,216249,108233,108016
741,Đồng Nai,Dong Nai,Huyện,Xuân Lộc,Xuan Loc,226648,114317,112331,16835,8230,8605,209813,106087,103726
742,Đồng Nai,Dong Nai,Huyện,Nhơn Trạch,Nhon Trach,260592,133500,127092,0,0,0,260592,133500,127092
866,Đồng Tháp,Dong Thap,Thành phố,Cao Lãnh,Cao Lanh,164835,80832,84003,87405,41821,45584,77430,39011,38419
867,Đồng Tháp,Dong Thap,Thành phố,Sa Đéc,Sa Dec,106198,51865,54333,63463,30451,33012,42735,21414,21321
868,Đồng Tháp,Dong Thap,Thị xã,Hồng Ngự,Hong Ngu,76462,38126,38336,42270,20949,21321,34192,17177,17015
869,Đồng Tháp,Dong Thap,Huyện,Tân Hồng,Tan Hong,75456,37911,37545,9003,4506,4497,66453,33405,33048
870,Đồng Tháp,Dong Thap,Huyện,Hồng Ngự,Hong Ngu,120571,60044,60527,14947,7445,7502,105624,52599,53025
871,Đồng Tháp,Dong Thap,Huyện,Tam Nông,Tam Nong,99995,50329,49666,10761,5432,5329,89234,44897,44337
872,Đồng Tháp,Dong Thap,Huyện,Tháp Mười,Thap Muoi,131791,66791,65000,19255,9581,9674,112536,57210,55326
873,Đồng Tháp,Dong Thap,Huyện,Cao Lãnh,Cao Lanh,197614,99312,98302,13808,6757,7051,183806,92555,91251
874,Đồng Tháp,Dong Thap,Huyện,Thanh Bình,Thanh Binh,134903,67551,67352,11909,5909,6000,122994,61642,61352
875,Đồng Tháp,Dong Thap,Huyện,Lấp Vò,Lap Vo,180627,90705,89922,10284,5059,5225,170343,85646,84697
876,Đồng Tháp,Dong Thap,Huyện,Lai Vung,Lai Vung,164240,82778,81462,10958,5391,5567,153282,77387,75895
877,Đồng Tháp,Dong Thap,Huyện,Châu Thành,Chau Thanh,146812,72986,73826,10911,5279,5632,135901,67707,68194
622,Gia Lai,Gia Lai,Thành phố,Pleiku,Pleiku,254802,129537,125265,191684,95553,96131,63118,33984,29134
623,Gia Lai,Gia Lai,Thị xã,An Khê,An Khe,65918,32990,32928,44746,22156,22590,21172,10834,10338
624,Gia Lai,Gia Lai,Thị xã,Ayun Pa,Ayun Pa,39936,19762,20174,22424,11068,11356,17512,8694,8818
625,Gia Lai,Gia Lai,Huyện,KBang,KBang,65437,32794,32643,16070,7893,8177,49367,24901,24466
626,Gia Lai,Gia Lai,Huyện,Đăk Đoa,Dak Doa,123282,61660,61622,16757,8335,8422,106525,53325,53200
627,Gia Lai,Gia Lai,Huyện,Chư Păh,Chu Pah,77299,38575,38724,12192,5954,6238,65107,32621,32486
628,Gia Lai,Gia Lai,Huyện,Ia Grai,Ia Grai,105664,52444,53220,11539,5719,5820,94125,46725,47400
629,Gia Lai,Gia Lai,Huyện,Mang Yang,Mang Yang,68273,33999,34274,10185,4954,5231,58088,29045,29043
630,Gia Lai,Gia Lai,Huyện,Kông Chro,Kong Chro,52406,26084,26322,10433,5167,5266,41973,20917,21056
631,Gia Lai,Gia Lai,Huyện,Đức Cơ,Duc Co,75718,37782,37936,12806,6302,6504,62912,31480,31432
632,Gia Lai,Gia Lai,Huyện,Chư Prông,Chu Prong,123555,62117,61438,10810,5361,5449,112745,56756,55989
633,Gia Lai,Gia Lai,Huyện,Chư Sê,Chu Se,121965,60669,61296,29007,14357,14650,92958,46312,46646
634,Gia Lai,Gia Lai,Huyện,Đăk Pơ,Dak Po,40442,20320,20122,5085,2507,2578,35357,17813,17544
635,Gia Lai,Gia Lai,Huyện,Ia Pa,Ia Pa,56596,28400,28196,0,0,0,56596,28400,28196
637,Gia Lai,Gia Lai,Huyện,Krông Pa,Krong Pa,86416,43304,43112,11963,5999,5964,74453,37305,37148
638,Gia Lai,Gia Lai,Huyện,Phú Thiện,Phu Thien,78627,39227,39400,20180,10024,10156,58447,29203,29244
639,Gia Lai,Gia Lai,Huyện,Chư Pưh,Chu Puh,77511,38925,38586,12395,6088,6307,65116,32837,32279
024,Hà Giang,Ha Giang,Thành phố,Hà Giang,Ha Giang,55559,27198,28361,42962,20964,21998,12597,6234,6363
026,Hà Giang,Ha Giang,Huyện,Đồng Văn,Dong Van,81880,41256,40624,10723,5492,5231,71157,35764,35393
027,Hà Giang,Ha Giang,Huyện,Mèo Vạc,Meo Vac,86071,43596,42475,6850,3456,3394,79221,40140,39081
028,Hà Giang,Ha Giang,Huyện,Yên Minh,Yen Minh,97553,49440,48113,8129,4037,4092,89424,45403,44021
029,Hà Giang,Ha Giang,Huyện,Quản Bạ,Quan Ba,53476,27142,26334,6753,3342,3411,46723,23800,22923
030,Hà Giang,Ha Giang,Huyện,Vị Xuyên,Vi Xuyen,110465,55783,54682,14949,7316,7633,95516,48467,47049
031,Hà Giang,Ha Giang,Huyện,Bắc Mê,Bac Me,54592,27836,26756,7793,3967,3826,46799,23869,22930
032,Hà Giang,Ha Giang,Huyện,Hoàng Su Phì,Hoang Su Phi,66683,33839,32844,5144,2544,2600,61539,31295,30244
033,Hà Giang,Ha Giang,Huyện,Xín Mần,Xin Man,67999,34487,33512,5605,2857,2748,62394,31630,30764
034,Hà Giang,Ha Giang,Huyện,Bắc Quang,Bac Quang,118690,59854,58836,19385,9446,9939,99305,50408,48897
035,Hà Giang,Ha Giang,Huyện,Quang Bình,Quang Binh,61711,31340,30371,7278,3706,3572,54433,27634,26799
347,Hà Nam,Ha Nam,Thành phố,Phủ Lý,Phu Ly,158212,78014,80198,95907,47329,48578,62305,30685,31620
349,Hà Nam,Ha Nam,Huyện,Duy Tiên,Duy Tien,137150,67975,69175,12889,6362,6527,124261,61613,62648
350,Hà Nam,Ha Nam,Huyện,Kim Bảng,Kim Bang,125634,62309,63325,10997,5546,5451,114637,56763,57874
351,Hà Nam,Ha Nam,Huyện,Thanh Liêm,Thanh Liem,118569,58156,60413,10524,5135,5389,108045,53021,55024
352,Hà Nam,Ha Nam,Huyện,Bình Lục,Binh Luc,133046,65251,67795,6421,3222,3199,126625,62029,64596
353,Hà Nam,Ha Nam,Huyện,Lý Nhân,Ly Nhan,180189,88046,92143,6050,2958,3092,174139,85088,89051
001,Hà Nội,Ha Noi,Quận,Ba Đình,Ba Dinh,221893,107074,114819,221893,107074,114819,0,0,0
002,Hà Nội,Ha Noi,Quận,Hoàn Kiếm,Hoan Kiem,135618,65268,70350,135618,65268,70350,0,0,0
003,Hà Nội,Ha Noi,Quận,Tây Hồ,Tay Ho,160495,78463,82032,160495,78463,82032,0,0,0
004,Hà Nội,Ha Noi,Quận,Long Biên,Long Bien,322549,159171,163378,322549,159171,163378,0,0,0
005,Hà Nội,Ha Noi,Quận,Cầu Giấy,Cau Giay,292536,138135,154401,292536,138135,154401,0,0,0
006,Hà Nội,Ha Noi,Quận,Đống Đa,Dong Da,371606,175619,195987,371606,175619,195987,0,0,0
007,Hà Nội,Ha Noi,Quận,Hai Bà Trưng,Hai Ba Trung,303586,147711,155875,303586,147711,155875,0,0,0
008,Hà Nội,Ha Noi,Quận,Hoàng Mai,Hoang Mai,506347,251941,254406,506347,251941,254406,0,0,0
009,Hà Nội,Ha Noi,Quận,Thanh Xuân,Thanh Xuan,293524,142986,150538,293524,142986,150538,0,0,0
016,Hà Nội,Ha Noi,Huyện,Sóc Sơn,Soc Son,343432,172281,171151,4849,2408,2441,338583,169873,168710
017,Hà Nội,Ha Noi,Huyện,Đông Anh,Dong Anh,405749,202851,202898,25274,12550,12724,380475,190301,190174
018,Hà Nội,Ha Noi,Huyện,Gia Lâm,Gia Lam,286102,141007,145095,44859,21492,23367,241243,119515,121728
019,Hà Nội,Ha Noi,Quận,Nam Từ Liêm,Nam Tu Liem,264246,132121,132125,264246,132121,132125,0,0,0
020,Hà Nội,Ha Noi,Huyện,Thanh Trì,Thanh Tri,275745,139144,136601,16762,8353,8409,258983,130791,128192
021,Hà Nội,Ha Noi,Quận,Bắc Từ Liêm,Bac Tu Liem,335110,168160,166950,335110,168160,166950,0,0,0
250,Hà Nội,Ha Noi,Huyện,Mê Linh,Me Linh,240555,120276,120279,37397,18152,19245,203158,102124,101034
268,Hà Nội,Ha Noi,Quận,Hà Đông,Ha Dong,397854,198732,199122,397854,198732,199122,0,0,0
269,Hà Nội,Ha Noi,Thị xã,Sơn Tây,Son Tay,145856,73004,72852,76956,38781,38175,68900,34223,34677
271,Hà Nội,Ha Noi,Huyện,Ba Vì,Ba Vi,290580,145529,145051,15582,7833,7749,274998,137696,137302
272,Hà Nội,Ha Noi,Huyện,Phúc Thọ,Phuc Tho,184024,91461,92563,8720,4346,4374,175304,87115,88189
273,Hà Nội,Ha Noi,Huyện,Đan Phượng,Dan Phuong,174501,87394,87107,10605,5247,5358,163896,82147,81749
274,Hà Nội,Ha Noi,Huyện,Hoài Đức,Hoai Duc,262978,132015,130963,6217,3051,3166,256761,128964,127797
275,Hà Nội,Ha Noi,Huyện,Quốc Oai,Quoc Oai,194412,96998,97414,14491,7183,7308,179921,89815,90106
276,Hà Nội,Ha Noi,Huyện,Thạch Thất,Thach That,216554,109635,106919,6552,3276,3276,210002,106359,103643
277,Hà Nội,Ha Noi,Huyện,Chương Mỹ,Chuong My,337326,169277,168049,36429,18276,18153,300897,151001,149896
278,Hà Nội,Ha Noi,Huyện,Thanh Oai,Thanh Oai,211029,106185,104844,7069,3548,3521,203960,102637,101323
279,Hà Nội,Ha Noi,Huyện,Thường Tín,Thuong Tin,254702,126872,127830,6178,3015,3163,248524,123857,124667
280,Hà Nội,Ha Noi,Huyện,Phú Xuyên,Phu Xuyen,213984,106915,107069,16651,8352,8299,197333,98563,98770
281,Hà Nội,Ha Noi,Huyện,Ứng Hòa,Ung Hoa,210869,105327,105542,14340,7102,7238,196529,98225,98304
282,Hà Nội,Ha Noi,Huyện,Mỹ Đức,My Duc,199901,100367,99534,8015,3999,4016,191886,96368,95518
436,Hà Tĩnh,Ha Tinh,Thành phố,Hà Tĩnh,Ha Tinh,104037,51062,52975,72792,35477,37315,31245,15585,15660
437,Hà Tĩnh,Ha Tinh,Thị xã,Hồng Lĩnh,Hong Linh,38411,18903,19508,34628,16972,17656,3783,1931,1852
439,Hà Tĩnh,Ha Tinh,Huyện,Hương Sơn,Huong Son,112426,55411,57015,14041,6926,7115,98385,48485,49900
440,Hà Tĩnh,Ha Tinh,Huyện,Đức Thọ,Duc Tho,101562,49464,52098,7590,3658,3932,93972,45806,48166
441,Hà Tĩnh,Ha Tinh,Huyện,Vũ Quang,Vu Quang,28544,14323,14221,3835,1985,1850,24709,12338,12371
442,Hà Tĩnh,Ha Tinh,Huyện,Nghi Xuân,Nghi Xuan,102160,50120,52040,13999,6818,7181,88161,43302,44859
443,Hà Tĩnh,Ha Tinh,Huyện,Can Lộc,Can Loc,129098,63810,65288,19294,9484,9810,109804,54326,55478
444,Hà Tĩnh,Ha Tinh,Huyện,Hương Khê,Huong Khe,99307,49318,49989,11435,5650,5785,87872,43668,44204
445,Hà Tĩnh,Ha Tinh,Huyện,Thạch Hà,Thach Ha,140213,69973,70240,10538,5130,5408,129675,64843,64832
446,Hà Tĩnh,Ha Tinh,Huyện,Cẩm Xuyên,Cam Xuyen,149313,74982,74331,14087,7031,7056,135226,67951,67275
447,Hà Tĩnh,Ha Tinh,Huyện,Kỳ Anh,Ky Anh,121662,61419,60243,0,0,0,121662,61419,60243
448,Hà Tĩnh,Ha Tinh,Huyện,Lộc Hà,Loc Ha,79178,38675,40503,0,0,0,79178,38675,40503
449,Hà Tĩnh,Ha Tinh,Thị xã,Kỳ Anh,Ky Anh,82955,43249,39706,49654,26562,23092,33301,16687,16614
288,Hải Dương,Hai Duong,Thành phố,Hải Dương,Hai Duong,241373,118545,122828,215593,105733,109860,25780,12812,12968
290,Hải Dương,Hai Duong,Thành phố,Chí Linh,Chi Linh,171879,86458,85421,142851,71753,71098,29028,14705,14323
291,Hải Dương,Hai Duong,Huyện,Nam Sách,Nam Sach,126325,62681,63644,11931,5908,6023,114394,56773,57621
292,Hải Dương,Hai Duong,Huyện,Kinh Môn,Kinh Mon,172541,86904,85637,32713,16446,16267,139828,70458,69370
293,Hải Dương,Hai Duong,Huyện,Kim Thành,Kim Thanh,136150,67606,68544,6216,3077,3139,129934,64529,65405
294,Hải Dương,Hai Duong,Huyện,Thanh Hà,Thanh Ha,164417,81805,82612,8368,4111,4257,156049,77694,78355
295,Hải Dương,Hai Duong,Huyện,Cẩm Giàng,Cam Giang,147810,72905,74905,16630,8241,8389,131180,64664,66516
296,Hải Dương,Hai Duong,Huyện,Bình Giang,Binh Giang,119229,59779,59450,4985,2505,2480,114244,57274,56970
297,Hải Dương,Hai Duong,Huyện,Gia Lộc,Gia Loc,151298,75094,76204,14482,7172,7310,136816,67922,68894
298,Hải Dương,Hai Duong,Huyện,Từ Kỳ,Tu Ky,177202,87791,89411,7656,3738,3918,169546,84053,85493
299,Hải Dương,Hai Duong,Huyện,Ninh Giang,Ninh Giang,146493,72034,74459,6224,3013,3211,140269,69021,71248
300,Hải Dương,Hai Duong,Huyện,Thanh Miện,Thanh Mien,137537,68442,69095,9799,4790,5009,127738,63652,64086
303,Hải Phòng,Hai Phong,Quận,Hồng Bàng,Hong Bang,96111,47217,48894,96111,47217,48894,0,0,0
304,Hải Phòng,Hai Phong,Quận,Ngô Quyền,Ngo Quyen,165309,81671,83638,165309,81671,83638,0,0,0
305,Hải Phòng,Hai Phong,Quận,Lê Chân,Le Chan,219762,107284,112478,219762,107284,112478,0,0,0
306,Hải Phòng,Hai Phong,Quận,Hải An,Hai An,132943,65922,67021,132943,65922,67021,0,0,0
307,Hải Phòng,Hai Phong,Quận,Kiến An,Kien An,118047,58591,59456,118047,58591,59456,0,0,0
308,Hải Phòng,Hai Phong,Quận,Đồ Sơn,Do Son,49029,24585,24444,49029,24585,24444,0,0,0
309,Hải Phòng,Hai Phong,Quận,Dương Kinh,Duong Kinh,60319,30056,30263,60319,30056,30263,0,0,0
311,Hải Phòng,Hai Phong,Huyện,Thuỷ Nguyên,Thuy Nguyen,333810,167208,166602,16671,8235,8436,317139,158973,158166
312,Hải Phòng,Hai Phong,Huyện,An Dương,An Duong,195717,97449,98268,8295,4015,4280,187422,93434,93988
313,Hải Phòng,Hai Phong,Huyện,An Lão,An Lao,146712,74273,72439,13221,6794,6427,133491,67479,66012
314,Hải Phòng,Hai Phong,Huyện,Kiến Thuỵ,Kien Thuy,140417,69871,70546,3603,1770,1833,136814,68101,68713
315,Hải Phòng,Hai Phong,Huyện,Tiên Lãng,Tien Lang,154789,77400,77389,14849,7407,7442,139940,69993,69947
316,Hải Phòng,Hai Phong,Huyện,Vĩnh Bảo,Vinh Bao,182835,89748,93087,8435,4115,4320,174400,85633,88767
317,Hải Phòng,Hai Phong,Huyện,Cát Hải,Cat Hai,32090,16184,15906,18147,9220,8927,13943,6964,6979
318,Hải Phòng,Hai Phong,Huyện,Bạch Long Vĩ,Bach Long Vi,624,308,316,0,0,0,624,308,316
930,Hậu Giang,Hau Giang,Thành phố,Vị Thanh,Vi Thanh,73322,36268,37054,44164,21589,22575,29158,14679,14479
931,Hậu Giang,Hau Giang,Thị xã,Ngã Bảy,Nga Bay,56182,28202,27980,28598,14068,14530,27584,14134,13450
932,Hậu Giang,Hau Giang,Huyện,Châu Thành A,Chau Thanh A,97606,48452,49154,35270,17473,17797,62336,30979,31357
933,Hậu Giang,Hau Giang,Huyện,Châu Thành,Chau Thanh,88079,44447,43632,21617,10971,10646,66462,33476,32986
934,Hậu Giang,Hau Giang,Huyện,Phụng Hiệp,Phung Hiep,188017,93971,94046,21589,10735,10854,166428,83236,83192
935,Hậu Giang,Hau Giang,Huyện,Vị Thuỷ,Vi Thuy,90126,45116,45010,6356,3166,3190,83770,41950,41820
936,Hậu Giang,Hau Giang,Huyện,Long Mỹ,Long My,77346,38947,38399,0,0,0,77346,38947,38399
937,Hậu Giang,Hau Giang,Thị xã,Long Mỹ,Long My,62339,30803,31536,28504,13983,14521,33835,16820,17015
760,Hồ Chí Minh,Ho Chi Minh,Quận,1,1,142625,65928,76697,142625,65928,76697,0,0,0
761,Hồ Chí Minh,Ho Chi Minh,Quận,12,12,620146,310207,309939,620146,310207,309939,0,0,0
762,Hồ Chí Minh,Ho Chi Minh,Quận,Thủ Đức,Thu Duc,592686,293155,299531,592686,293155,299531,0,0,0
763,Hồ Chí Minh,Ho Chi Minh,Quận,9,9,397006,198271,198735,397006,198271,198735,0,0,0
764,Hồ Chí Minh,Ho Chi Minh,Quận,Gò Vấp,Go Vap,676899,329487,347412,676899,329487,347412,0,0,0
765,Hồ Chí Minh,Ho Chi Minh,Quận,Bình Thạnh,Binh Thanh,499164,234689,264475,499164,234689,264475,0,0,0
766,Hồ Chí Minh,Ho Chi Minh,Quận,Tân Bình,Tan Binh,474792,230014,244778,474792,230014,244778,0,0,0
767,Hồ Chí Minh,Ho Chi Minh,Quận,Tân Phú,Tan Phu,485348,238472,246876,485348,238472,246876,0,0,0
768,Hồ Chí Minh,Ho Chi Minh,Quận,Phú Nhuận,Phu Nhuan,163961,75927,88034,163961,75927,88034,0,0,0
769,Hồ Chí Minh,Ho Chi Minh,Quận,2,2,180275,87207,93068,180275,87207,93068,0,0,0
770,Hồ Chí Minh,Ho Chi Minh,Quận,3,3,190375,87529,102846,190375,87529,102846,0,0,0
771,Hồ Chí Minh,Ho Chi Minh,Quận,10,10,234819,109194,125625,234819,109194,125625,0,0,0
772,Hồ Chí Minh,Ho Chi Minh,Quận,11,11,209867,98886,110981,209867,98886,110981,0,0,0
773,Hồ Chí Minh,Ho Chi Minh,Quận,4,4,175329,82091,93238,175329,82091,93238,0,0,0
774,Hồ Chí Minh,Ho Chi Minh,Quận,5,5,159073,72945,86128,159073,72945,86128,0,0,0
775,Hồ Chí Minh,Ho Chi Minh,Quận,6,6,233561,110462,123099,233561,110462,123099,0,0,0
776,Hồ Chí Minh,Ho Chi Minh,Quận,8,8,424667,203028,221639,424667,203028,221639,0,0,0
777,Hồ Chí Minh,Ho Chi Minh,Quận,Bình Tân,Binh Tan,784173,390568,393605,784173,390568,393605,0,0,0
778,Hồ Chí Minh,Ho Chi Minh,Quận,7,7,360155,171938,188217,360155,171938,188217,0,0,0
783,Hồ Chí Minh,Ho Chi Minh,Huyện,Củ Chi,Cu Chi,462047,226566,235481,23176,11077,12099,438871,215489,223382
784,Hồ Chí Minh,Ho Chi Minh,Huyện,Hóc Môn,Hoc Mon,542243,269988,272255,18145,8709,9436,524098,261279,262819
785,Hồ Chí Minh,Ho Chi Minh,Huyện,Bình Chánh,Binh Chanh,705508,355304,350204,22573,11344,11229,682935,343960,338975
786,Hồ Chí Minh,Ho Chi Minh,Huyện,Nhà Bè,Nha Be,206837,103098,103739,45524,22041,23483,161313,81057,80256
787,Hồ Chí Minh,Ho Chi Minh,Huyện,Cần Giờ,Can Gio,71526,36288,35238,11154,5540,5614,60372,30748,29624
148,Hòa Bình,Hoa Binh,Thành phố,Hòa Bình,Hoa Binh,101674,50002,51672,73847,36169,37678,27827,13833,13994
150,Hòa Bình,Hoa Binh,Huyện,Đà Bắc,Da Bac,55002,27937,27065,5347,2612,2735,49655,25325,24330
151,Hòa Bình,Hoa Binh,Huyện,Kỳ Sơn,Ky Son,34044,16830,17214,2574,1279,1295,31470,15551,15919
152,Hòa Bình,Hoa Binh,Huyện,Lương Sơn,Luong Son,99457,49193,50264,14248,6872,7376,85209,42321,42888
153,Hòa Bình,Hoa Binh,Huyện,Kim Bôi,Kim Boi,118767,59854,58913,2935,1412,1523,115832,58442,57390
154,Hòa Bình,Hoa Binh,Huyện,Cao Phong,Cao Phong,45470,22817,22653,6241,3082,3159,39229,19735,19494
155,Hòa Bình,Hoa Binh,Huyện,Tân Lạc,Tan Lac,86889,43621,43268,4828,2340,2488,82061,41281,40780
156,Hòa Bình,Hoa Binh,Huyện,Mai Châu,Mai Chau,55640,27850,27790,5938,2826,3112,49702,25024,24678
157,Hòa Bình,Hoa Binh,Huyện,Lạc Sơn,Lac Son,136652,68825,67827,4692,2281,2411,131960,66544,65416
158,Hòa Bình,Hoa Binh,Huyện,Yên Thủy,Yen Thuy,60143,29885,30258,5417,2661,2756,54726,27224,27502
159,Hòa Bình,Hoa Binh,Huyện,Lạc Thủy,Lac Thuy,60393,30109,30284,8253,4189,4064,52140,25920,26220
323,Hưng Yên,Hung Yen,Thành phố,Hưng Yên,Hung Yen,116356,57774,58582,53241,26208,27033,63115,31566,31549
325,Hưng Yên,Hung Yen,Huyện,Văn Lâm,Van Lam,133027,67604,65423,20604,10457,10147,112423,57147,55276
326,Hưng Yên,Hung Yen,Huyện,Văn Giang,Van Giang,120799,60381,60418,11347,5685,5662,109452,54696,54756
327,Hưng Yên,Hung Yen,Huyện,Yên Mỹ,Yen My,156333,78910,77423,14404,7278,7126,141929,71632,70297
328,Hưng Yên,Hung Yen,Huyện,Mỹ Hào,My Hao,112752,56653,56099,14262,7140,7122,98490,49513,48977
329,Hưng Yên,Hung Yen,Huyện,Ân Thi,An Thi,134403,66824,67579,9445,4674,4771,124958,62150,62808
330,Hưng Yên,Hung Yen,Huyện,Khoái Châu,Khoai Chau,188255,94902,93353,8146,4044,4102,180109,90858,89251
331,Hưng Yên,Hung Yen,Huyện,Kim Động,Kim Dong,117734,58527,59207,9991,5004,4987,107743,53523,54220
332,Hưng Yên,Hung Yen,Huyện,Tiên Lữ,Tien Lu,93118,45970,47148,5282,2637,2645,87836,43333,44503
333,Hưng Yên,Hung Yen,Huyện,Phù Cừ,Phu Cu,79954,39272,40682,6196,3108,3088,73758,36164,37594
568,Khánh Hòa,Khanh Hoa,Thành phố,Nha Trang,Nha Trang,422601,207819,214782,285788,139534,146254,136813,68285,68528
569,Khánh Hòa,Khanh Hoa,Thành phố,Cam Ranh,Cam Ranh,130814,65239,65575,92476,45881,46595,38338,19358,18980
570,Khánh Hòa,Khanh Hoa,Huyện,Cam Lâm,Cam Lam,108979,54329,54650,16602,8213,8389,92377,46116,46261
571,Khánh Hòa,Khanh Hoa,Huyện,Vạn Ninh,Van Ninh,130231,65708,64523,19676,9711,9965,110555,55997,54558
572,Khánh Hòa,Khanh Hoa,Thị xã,Ninh Hòa,Ninh Hoa,230049,115344,114705,75931,37618,38313,154118,77726,76392
573,Khánh Hòa,Khanh Hoa,Huyện,Khánh Vĩnh,Khanh Vinh,39780,19992,19788,4816,2348,2468,34964,17644,17320
574,Khánh Hòa,Khanh Hoa,Huyện,Diên Khánh,Dien Khanh,143211,71345,71866,19914,9754,10160,123297,61591,61706
575,Khánh Hòa,Khanh Hoa,Huyện,Khánh Sơn,Khanh Son,25349,12676,12673,4647,2268,2379,20702,10408,10294
576,Khánh Hòa,Khanh Hoa,Huyện,Trường Sa,Truong Sa,93,61,32,30,19,11,63,42,21
899,Kiên Giang,Kien Giang,Thành phố,Rạch Giá,Rach Gia,227527,114065,113462,211351,105029,106322,16176,9036,7140
900,Kiên Giang,Kien Giang,Thành phố,Hà Tiên,Ha Tien,48495,23808,24687,39967,19512,20455,8528,4296,4232
902,Kiên Giang,Kien Giang,Huyện,Kiên Lương,Kien Luong,79484,40361,39123,30716,15429,15287,48768,24932,23836
903,Kiên Giang,Kien Giang,Huyện,Hòn Đất,Hon Dat,156273,79653,76620,28495,14324,14171,127778,65329,62449
904,Kiên Giang,Kien Giang,Huyện,Tân Hiệp,Tan Hiep,125459,63066,62393,17989,8914,9075,107470,54152,53318
905,Kiên Giang,Kien Giang,Huyện,Châu Thành,Chau Thanh,159607,80626,78981,22607,11400,11207,137000,69226,67774
906,Kiên Giang,Kien Giang,Huyện,Giồng Riềng,Giong Rieng,224655,113502,111153,19884,9681,10203,204771,103821,100950
907,Kiên Giang,Kien Giang,Huyện,Gò Quao,Go Quao,132508,66894,65614,10002,4989,5013,122506,61905,60601
908,Kiên Giang,Kien Giang,Huyện,An Biên,An Bien,115218,58186,57032,11906,5981,5925,103312,52205,51107
909,Kiên Giang,Kien Giang,Huyện,An Minh,An Minh,115720,58884,56836,6728,3387,3341,108992,55497,53495
910,Kiên Giang,Kien Giang,Huyện,Vĩnh Thuận,Vinh Thuan,81875,40871,41004,12484,6121,6363,69391,34750,34641
911,Kiên Giang,Kien Giang,Huyện,Phú Quốc,Phu Quoc,146028,76977,69051,75862,39710,36152,70166,37267,32899
912,Kiên Giang,Kien Giang,Huyện,Kiên Hải,Kien Hai,17588,9100,8488,0,0,0,17588,9100,8488
913,Kiên Giang,Kien Giang,Huyện,U Minh Thượng,U Minh Thuong,63415,32221,31194,0,0,0,63415,32221,31194
914,Kiên Giang,Kien Giang,Huyện,Giang Thành,Giang Thanh,29215,15022,14193,0,0,0,29215,15022,14193
608,Kon Tum,Kon Tum,Thành phố,Kon Tum,Kon Tum,168264,83912,84352,102051,50613,51438,66213,33299,32914
610,Kon Tum,Kon Tum,Huyện,Đắk Glei,Dak Glei,48761,24433,24328,6824,3337,3487,41937,21096,20841
611,Kon Tum,Kon Tum,Huyện,Ngọc Hồi,Ngoc Hoi,58913,29634,29279,18114,9044,9070,40799,20590,20209
612,Kon Tum,Kon Tum,Huyện,Đắk Tô,Dak To,47544,23633,23911,13561,6679,6882,33983,16954,17029
613,Kon Tum,Kon Tum,Huyện,Kon Plông,Kon Plong,26025,13464,12561,0,0,0,26025,13464,12561
614,Kon Tum,Kon Tum,Huyện,Kon Rẫy,Kon Ray,28591,14389,14202,5167,2535,2632,23424,11854,11570
615,Kon Tum,Kon Tum,Huyện,Đắk Hà,Dak Ha,74805,37399,37406,16031,8008,8023,58774,29391,29383
616,Kon Tum,Kon Tum,Huyện,Sa Thầy,Sa Thay,49914,25192,24722,11027,5550,5477,38887,19642,19245
617,Kon Tum,Kon Tum,Huyện,Tu Mơ Rông,Tu Mo Rong,27411,13711,13700,0,0,0,27411,13711,13700
618,Kon Tum,Kon Tum,Huyện,Ia H'Drai,Ia H'Drai,10210,5852,4358,0,0,0,10210,5852,4358
105,Lai Châu,Lai Chau,Thành phố,Lai Châu,Lai Chau,41771,21038,20733,34474,17294,17180,7297,3744,3553
106,Lai Châu,Lai Chau,Huyện,Tam Đường,Tam Duong,56079,28397,27682,7398,3693,3705,48681,24704,23977
107,Lai Châu,Lai Chau,Huyện,Mường Tè,Muong Te,46143,23541,22602,5850,2942,2908,40293,20599,19694
108,Lai Châu,Lai Chau,Huyện,Sìn Hồ,Sin Ho,83643,42272,41371,4554,2311,2243,79089,39961,39128
109,Lai Châu,Lai Chau,Huyện,Phong Thổ,Phong Tho,79645,40590,39055,5379,2656,2723,74266,37934,36332
110,Lai Châu,Lai Chau,Huyện,Than Uyên,Than Uyen,67550,34045,33505,7175,3525,3650,60375,30520,29855
111,Lai Châu,Lai Chau,Huyện,Tân Uyên,Tan Uyen,58104,29305,28799,14028,6938,7090,44076,22367,21709
112,Lai Châu,Lai Chau,Huyện,Nậm Nhùn,Nam Nhun,27261,13909,13352,3031,1656,1375,24230,12253,11977
672,Lâm Đồng,Lam Dong,Thành phố,Đà Lạt,Da Lat,226578,111636,114942,202124,98966,103158,24454,12670,11784
673,Lâm Đồng,Lam Dong,Thành phố,Bảo Lộc,Bao Loc,158684,79650,79034,99961,49790,50171,58723,29860,28863
674,Lâm Đồng,Lam Dong,Huyện,Đam Rông,Dam Rong,54217,27397,26820,0,0,0,54217,27397,26820
675,Lâm Đồng,Lam Dong,Huyện,Lạc Dương,Lac Duong,27956,14414,13542,10620,5371,5249,17336,9043,8293
676,Lâm Đồng,Lam Dong,Huyện,Lâm Hà,Lam Ha,144436,74137,70299,30751,15509,15242,113685,58628,55057
677,Lâm Đồng,Lam Dong,Huyện,Đơn Dương,Don Duong,107281,53950,53331,27683,13919,13764,79598,40031,39567
678,Lâm Đồng,Lam Dong,Huyện,Đức Trọng,Duc Trong,186974,94591,92383,47276,23877,23399,139698,70714,68984
679,Lâm Đồng,Lam Dong,Huyện,Di Linh,Di Linh,159994,80563,79431,25080,12400,12680,134914,68163,66751
680,Lâm Đồng,Lam Dong,Huyện,Bảo Lâm,Bao Lam,118090,59706,58384,19557,9739,9818,98533,49967,48566
681,Lâm Đồng,Lam Dong,Huyện,Đạ Huoai,Da Huoai,33998,17238,16760,13207,6613,6594,20791,10625,10166
682,Lâm Đồng,Lam Dong,Huyện,Đạ Tẻh,Da Teh,43415,21844,21571,15890,7879,8011,27525,13965,13560
683,Lâm Đồng,Lam Dong,Huyện,Cát Tiên,Cat Tien,35283,17948,17335,15942,8111,7831,19341,9837,9504
178,Lạng Sơn,Lang Son,Thành phố,Lạng Sơn,Lang Son,103284,51425,51859,74492,36372,38120,28792,15053,13739
180,Lạng Sơn,Lang Son,Huyện,Tràng Định,Trang Dinh,59827,30550,29277,4538,2216,2322,55289,28334,26955
181,Lạng Sơn,Lang Son,Huyện,Bình Gia,Binh Gia,52689,27189,25500,3166,1565,1601,49523,25624,23899
182,Lạng Sơn,Lang Son,Huyện,Văn Lãng,Van Lang,49696,25307,24389,3759,1827,1932,45937,23480,22457
183,Lạng Sơn,Lang Son,Huyện,Cao Lộc,Cao Loc,79873,40588,39285,17575,8581,8994,62298,32007,30291
184,Lạng Sơn,Lang Son,Huyện,Văn Quan,Van Quan,54202,27654,26548,4923,2330,2593,49279,25324,23955
185,Lạng Sơn,Lang Son,Huyện,Bắc Sơn,Bac Son,71967,36528,35439,4722,2309,2413,67245,34219,33026
186,Lạng Sơn,Lang Son,Huyện,Hữu Lũng,Huu Lung,121735,63371,58364,10165,4930,5235,111570,58441,53129
187,Lạng Sơn,Lang Son,Huyện,Chi Lăng,Chi Lang,75063,38638,36425,12407,6076,6331,62656,32562,30094
188,Lạng Sơn,Lang Son,Huyện,Lộc Bình,Loc Binh,84740,43402,41338,17767,8791,8976,66973,34611,32362
189,Lạng Sơn,Lang Son,Huyện,Đình Lập,Dinh Lap,28579,14758,13821,6300,3101,3199,22279,11657,10622
080,Lào Cai,Lao Cai,Thành phố,Lào Cai,Lao Cai,127854,63795,64059,100017,49483,50534,27837,14312,13525
082,Lào Cai,Lao Cai,Huyện,Bạt Xát,Bat Xat,82733,42216,40517,5607,2726,2881,77126,39490,37636
083,Lào Cai,Lao Cai,Huyện,Mường Khương,Muong Khuong,63682,32373,31309,9680,4769,4911,54002,27604,26398
084,Lào Cai,Lao Cai,Huyện,Si Ma Cai,Si Ma Cai,37490,19438,18052,0,0,0,37490,19438,18052
085,Lào Cai,Lao Cai,Huyện,Bắc Hà,Bac Ha,65338,33485,31853,5545,2759,2786,59793,30726,29067
086,Lào Cai,Lao Cai,Huyện,Bảo Thắng,Bao Thang,112897,57445,55452,23689,11847,11842,89208,45598,43610
087,Lào Cai,Lao Cai,Huyện,Bảo Yên,Bao Yen,85564,43620,41944,9470,4595,4875,76094,39025,37069
088,Lào Cai,Lao Cai,Huyện,Sa Pa,Sa Pa,65695,33379,32316,10839,5590,5249,54856,27789,27067
089,Lào Cai,Lao Cai,Huyện,Văn Bàn,Van Ban,89167,45555,43612,6609,3224,3385,82558,42331,40227
794,Long An,Long An,Thành phố,Tân An,Tan An,145120,70222,74898,104489,50147,54342,40631,20075,20556
795,Long An,Long An,Thị xã,Kiến Tường,Kien Tuong,43674,21916,21758,18928,9259,9669,24746,12657,12089
796,Long An,Long An,Huyện,Tân Hưng,Tan Hung,47651,24373,23278,5398,2666,2732,42253,21707,20546
797,Long An,Long An,Huyện,Vĩnh Hưng,Vinh Hung,50074,25644,24430,9729,4874,4855,40345,20770,19575
798,Long An,Long An,Huyện,Mộc Hóa,Moc Hoa,28165,14468,13697,0,0,0,28165,14468,13697
799,Long An,Long An,Huyện,Tân Thạnh,Tan Thanh,77537,39463,38074,6192,3094,3098,71345,36369,34976
800,Long An,Long An,Huyện,Thạnh Hóa,Thanh Hoa,56074,28873,27201,6389,3174,3215,49685,25699,23986
801,Long An,Long An,Huyện,Đức Huệ,Duc Hue,65961,33354,32607,5851,2813,3038,60110,30541,29569
802,Long An,Long An,Huyện,Đức Hòa,Duc Hoa,315711,158497,157214,36840,17936,18904,278871,140561,138310
803,Long An,Long An,Huyện,Bến Lức,Ben Luc,181660,90725,90935,26972,13111,13861,154688,77614,77074
804,Long An,Long An,Huyện,Thủ Thừa,Thu Thua,98333,48924,49409,14459,6858,7601,83874,42066,41808
805,Long An,Long An,Huyện,Tân Trụ,Tan Tru,66502,32658,33844,5804,2800,3004,60698,29858,30840
806,Long An,Long An,Huyện,Cần Đước,Can Duoc,187359,92571,94788,13364,6461,6903,173995,86110,87885
807,Long An,Long An,Huyện,Cần Giuộc,Can Giuoc,214914,106040,108874,10530,5100,5430,204384,100940,103444
808,Long An,Long An,Huyện,Châu Thành,Chau Thanh,109812,54346,55466,6552,3133,3419,103260,51213,52047
356,Nam Định,Nam Dinh,Thành phố,Nam Định,Nam Dinh,236294,114599,121695,179229,86390,92839,57065,28209,28856
358,Nam Định,Nam Dinh,Huyện,Mỹ Lộc,My Loc,72514,35580,36934,5057,2490,2567,67457,33090,34367
359,Nam Định,Nam Dinh,Huyện,Vụ Bản,Vu Ban,130862,63738,67124,7340,3582,3758,123522,60156,63366
360,Nam Định,Nam Dinh,Huyện,Ý Yên,Y Yen,229006,112558,116448,10857,5397,5460,218149,107161,110988
361,Nam Định,Nam Dinh,Huyện,Nghĩa Hưng,Nghia Hung,175786,87522,88264,21361,10795,10566,154425,76727,77698
362,Nam Định,Nam Dinh,Huyện,Nam Trực,Nam Truc,183241,90874,92367,17833,8954,8879,165408,81920,83488
363,Nam Định,Nam Dinh,Huyện,Trực Ninh,Truc Ninh,172557,84482,88075,32608,16073,16535,139949,68409,71540
364,Nam Định,Nam Dinh,Huyện,Xuân Trường,Xuan Truong,149480,72165,77315,8547,4360,4187,140933,67805,73128
365,Nam Định,Nam Dinh,Huyện,Giao Thủy,Giao Thuy,167752,80288,87464,15385,7528,7857,152367,72760,79607
366,Nam Định,Nam Dinh,Huyện,Hải Hậu,Hai Hau,262901,130229,132672,25437,12558,12879,237464,117671,119793
412,Nghệ An,Nghe An,Thành phố,Vinh,Vinh,339114,164360,174754,230439,111070,119369,108675,53290,55385
413,Nghệ An,Nghe An,Thị xã,Cửa Lò,Cua Lo,55668,27743,27925,55668,27743,27925,0,0,0
414,Nghệ An,Nghe An,Thị xã,Thái Hoà,Thai Hoa,66127,32417,33710,29079,14251,14828,37048,18166,18882
415,Nghệ An,Nghe An,Huyện,Quế Phong,Que Phong,71940,36090,35850,3634,1757,1877,68306,34333,33973
416,Nghệ An,Nghe An,Huyện,Quỳ Châu,Quy Chau,57813,28910,28903,4958,2381,2577,52855,26529,26326
417,Nghệ An,Nghe An,Huyện,Kỳ Sơn,Ky Son,80288,41116,39172,2952,1474,1478,77336,39642,37694
418,Nghệ An,Nghe An,Huyện,Tương Dương,Tuong Duong,77830,39720,38110,3866,1898,1968,73964,37822,36142
419,Nghệ An,Nghe An,Huyện,Nghĩa Đàn,Nghia Dan,140515,71964,68551,5558,2799,2759,134957,69165,65792
420,Nghệ An,Nghe An,Huyện,Quỳ Hợp,Quy Hop,134154,68035,66119,11980,5890,6090,122174,62145,60029
421,Nghệ An,Nghe An,Huyện,Quỳnh Lưu,Quynh Luu,276259,139599,136660,9595,4760,4835,266664,134839,131825
422,Nghệ An,Nghe An,Huyện,Con Cuông,Con Cuong,75168,38223,36945,5653,2756,2897,69515,35467,34048
423,Nghệ An,Nghe An,Huyện,Tân Kỳ,Tan Ky,147257,75171,72086,7976,3893,4083,139281,71278,68003
424,Nghệ An,Nghe An,Huyện,Anh Sơn,Anh Son,116922,59391,57531,5401,2612,2789,111521,56779,54742
425,Nghệ An,Nghe An,Huyện,Diễn Châu,Dien Chau,312506,156973,155533,6896,3376,3520,305610,153597,152013
426,Nghệ An,Nghe An,Huyện,Yên Thành,Yen Thanh,301635,152731,148904,4855,2350,2505,296780,150381,146399
427,Nghệ An,Nghe An,Huyện,Đô Lương,Do Luong,213543,107321,106222,10102,4955,5147,203441,102366,101075
428,Nghệ An,Nghe An,Huyện,Thanh Chương,Thanh Chuong,240808,121768,119040,8964,4313,4651,231844,117455,114389
429,Nghệ An,Nghe An,Huyện,Nghi Lộc,Nghi Loc,218005,109583,108422,6197,3050,3147,211808,106533,105275
430,Nghệ An,Nghe An,Huyện,Nam Đàn,Nam Dan,164634,81871,82763,7088,3446,3642,157546,78425,79121
431,Nghệ An,Nghe An,Huyện,Hưng Nguyên,Hung Nguyen,124245,62391,61854,9660,4774,4886,114585,57617,56968
432,Nghệ An,Nghe An,Thị xã,Hoàng Mai,Hoang Mai,113360,57524,55836,59517,29947,29570,53843,27577,26266
369,Ninh Bình,Ninh Binh,Thành phố,Ninh Bình,Ninh Binh,128480,62953,65527,106618,52214,54404,21862,10739,11123
370,Ninh Bình,Ninh Binh,Thành phố,Tam Điệp,Tam Diep,62866,31500,31366,43822,21905,21917,19044,9595,9449
372,Ninh Bình,Ninh Binh,Huyện,Nho Quan,Nho Quan,149830,74600,75230,9299,4544,4755,140531,70056,70475
373,Ninh Bình,Ninh Binh,Huyện,Gia Viễn,Gia Vien,120992,60367,60625,5574,2743,2831,115418,57624,57794
374,Ninh Bình,Ninh Binh,Huyện,Hoa Lư,Hoa Lu,71839,35355,36484,4121,2047,2074,67718,33308,34410
375,Ninh Bình,Ninh Binh,Huyện,Yên Khánh,Yen Khanh,147069,73249,73820,14236,7163,7073,132833,66086,66747
376,Ninh Bình,Ninh Binh,Huyện,Kim Sơn,Kim Son,182942,92435,90507,13818,7007,6811,169124,85428,83696
377,Ninh Bình,Ninh Binh,Huyện,Yên Mô,Yen Mo,118469,58875,59594,9036,4515,4521,109433,54360,55073
582,Ninh Thuận,Ninh Thuan,Thành phố,Phan Rang - Tháp Chàm,Phan Rang - Thap Cham,167394,83582,83812,157942,78742,79200,9452,4840,4612
584,Ninh Thuận,Ninh Thuan,Huyện,Bác Ái,Bac Ai,30598,15329,15269,0,0,0,30598,15329,15269
585,Ninh Thuận,Ninh Thuan,Huyện,Ninh Sơn,Ninh Son,71888,35945,35943,11301,5486,5815,60587,30459,30128
586,Ninh Thuận,Ninh Thuan,Huyện,Ninh Hải,Ninh Hai,92231,46628,45603,16425,8202,8223,75806,38426,37380
587,Ninh Thuận,Ninh Thuan,Huyện,Ninh Phước,Ninh Phuoc,128028,63756,64272,25444,12474,12970,102584,51282,51302
588,Ninh Thuận,Ninh Thuan,Huyện,Thuận Bắc,Thuan Bac,43322,21720,21602,0,0,0,43322,21720,21602
589,Ninh Thuận,Ninh Thuan,Huyện,Thuận Nam,Thuan Nam,57006,29066,27940,0,0,0,57006,29066,27940
227,Phú Thọ,Phu Tho,Thành phố,Việt Trì,Viet Tri,214777,105923,108854,140935,69291,71644,73842,36632,37210
228,Phú Thọ,Phu Tho,Thị xã,Phú Thọ,Phu Tho,70653,34553,36100,25308,12130,13178,45345,22423,22922
230,Phú Thọ,Phu Tho,Huyện,Đoan Hùng,Doan Hung,115131,57127,58004,7165,3471,3694,107966,53656,54310
231,Phú Thọ,Phu Tho,Huyện,Hạ Hoà,Ha Hoa,104997,51746,53251,8295,4081,4214,96702,47665,49037
232,Phú Thọ,Phu Tho,Huyện,Thanh Ba,Thanh Ba,115470,57047,58423,8201,4077,4124,107269,52970,54299
233,Phú Thọ,Phu Tho,Huyện,Phù Ninh,Phu Ninh,111011,55313,55698,16836,8289,8547,94175,47024,47151
234,Phú Thọ,Phu Tho,Huyện,Yên Lập,Yen Lap,92858,46709,46149,8074,3945,4129,84784,42764,42020
235,Phú Thọ,Phu Tho,Huyện,Cẩm Khê,Cam Khe,139424,69332,70092,6754,3285,3469,132670,66047,66623
236,Phú Thọ,Phu Tho,Huyện,Tam Nông,Tam Nong,87931,43755,44176,4455,2196,2259,83476,41559,41917
237,Phú Thọ,Phu Tho,Huyện,Lâm Thao,Lam Thao,107989,53188,54801,18403,9024,9379,89586,44164,45422
238,Phú Thọ,Phu Tho,Huyện,Thanh Sơn,Thanh Son,133132,66864,66268,15404,7450,7954,117728,59414,58314
239,Phú Thọ,Phu Tho,Huyện,Thanh Thuỷ,Thanh Thuy,84622,42166,42456,5561,2739,2822,79061,39427,39634
240,Phú Thọ,Phu Tho,Huyện,Tân Sơn,Tan Son,85731,43186,42545,0,0,0,85731,43186,42545
555,Phú Yên,Phu Yen,Thành phố,Tuy Hoà,Tuy Hoa,155921,77427,78494,121544,59961,61583,34377,17466,16911
557,Phú Yên,Phu Yen,Thị xã,Sông Cầu,Song Cau,99432,50361,49071,31741,15835,15906,67691,34526,33165
558,Phú Yên,Phu Yen,Huyện,Đồng Xuân,Dong Xuan,55030,27470,27560,8994,4399,4595,46036,23071,22965
559,Phú Yên,Phu Yen,Huyện,Tuy An,Tuy An,123167,62218,60949,9520,4725,4795,113647,57493,56154
560,Phú Yên,Phu Yen,Huyện,Sơn Hòa,Son Hoa,59497,29964,29533,10106,5015,5091,49391,24949,24442
561,Phú Yên,Phu Yen,Huyện,Sông Hinh,Song Hinh,51816,26244,25572,11275,5794,5481,40541,20450,20091
562,Phú Yên,Phu Yen,Huyện,Tây Hoà,Tay Hoa,110983,56105,54878,12920,6456,6464,98063,49649,48414
563,Phú Yên,Phu Yen,Huyện,Phú Hoà,Phu Hoa,102074,51247,50827,8976,4529,4447,93098,46718,46380
564,Phú Yên,Phu Yen,Huyện,Đông Hòa,Dong Hoa,115044,58042,57002,35812,18032,17780,79232,40010,39222
450,Quảng Bình,Quang Binh,Thành phố,Đồng Hới,Dong Hoi,133672,65843,67829,91601,45002,46599,42071,20841,21230
452,Quảng Bình,Quang Binh,Huyện,Minh Hóa,Minh Hoa,50670,25643,25027,6404,3162,3242,44266,22481,21785
453,Quảng Bình,Quang Binh,Huyện,Tuyên Hóa,Tuyen Hoa,77754,39424,38330,6071,3002,3069,71683,36422,35261
454,Quảng Bình,Quang Binh,Huyện,Quảng Trạch,Quang Trach,110380,55777,54603,0,0,0,110380,55777,54603
455,Quảng Bình,Quang Binh,Huyện,Bố Trạch,Bo Trach,188375,95406,92969,18673,9222,9451,169702,86184,83518
456,Quảng Bình,Quang Binh,Huyện,Quảng Ninh,Quang Ninh,90335,44936,45399,4993,2443,2550,85342,42493,42849
457,Quảng Bình,Quang Binh,Huyện,Lệ Thủy,Le Thuy,137831,68788,69043,11238,5498,5740,126593,63290,63303
458,Quảng Bình,Quang Binh,Thị xã,Ba Đồn,Ba Don,106413,53479,52934,49406,24691,24715,57007,28788,28219
502,Quảng Nam,Quang Nam,Thành phố,Tam Kỳ,Tam Ky,122374,59630,62744,91450,44509,46941,30924,15121,15803
503,Quảng Nam,Quang Nam,Thành phố,Hội An,Hoi An,98599,48151,50448,72898,35473,37425,25701,12678,13023
504,Quảng Nam,Quang Nam,Huyện,Tây Giang,Tay Giang,20005,10300,9705,0,0,0,20005,10300,9705
505,Quảng Nam,Quang Nam,Huyện,Đông Giang,Dong Giang,25116,12810,12306,4699,2292,2407,20417,10518,9899
506,Quảng Nam,Quang Nam,Huyện,Đại Lộc,Dai Loc,141851,69826,72025,17493,8552,8941,124358,61274,63084
507,Quảng Nam,Quang Nam,Thị xã,Điện Bàn,Dien Ban,226564,110625,115939,94395,46262,48133,132169,64363,67806
508,Quảng Nam,Quang Nam,Huyện,Duy Xuyên,Duy Xuyen,126686,61682,65004,22911,11068,11843,103775,50614,53161
509,Quảng Nam,Quang Nam,Huyện,Quế Sơn,Que Son,80821,38887,41934,7563,3649,3914,73258,35238,38020
510,Quảng Nam,Quang Nam,Huyện,Nam Giang,Nam Giang,26123,13226,12897,7616,3828,3788,18507,9398,9109
511,Quảng Nam,Quang Nam,Huyện,Phước Sơn,Phuoc Son,26337,13377,12960,7318,3646,3672,19019,9731,9288
512,Quảng Nam,Quang Nam,Huyện,Hiệp Đức,Hiep Duc,37127,18330,18797,3776,1834,1942,33351,16496,16855
513,Quảng Nam,Quang Nam,Huyện,Thăng Bình,Thang Binh,173726,85237,88489,17425,8500,8925,156301,76737,79564
514,Quảng Nam,Quang Nam,Huyện,Tiên Phước,Tien Phuoc,66239,32994,33245,7637,3792,3845,58602,29202,29400
515,Quảng Nam,Quang Nam,Huyện,Bắc Trà My,Bac Tra My,41335,21050,20285,7253,3539,3714,34082,17511,16571
516,Quảng Nam,Quang Nam,Huyện,Nam Trà My,Nam Tra My,31306,15991,15315,0,0,0,31306,15991,15315
517,Quảng Nam,Quang Nam,Huyện,Núi Thành,Nui Thanh,147721,72911,74810,12902,6356,6546,134819,66555,68264
518,Quảng Nam,Quang Nam,Huyện,Phú Ninh,Phu Ninh,77204,37311,39893,4302,2068,2234,72902,35243,37659
519,Quảng Nam,Quang Nam,Huyện,Nông Sơn,Nong Son,26678,13248,13430,0,0,0,26678,13248,13430
522,Quảng Ngãi,Quang Ngai,Thành phố,Quảng Ngãi,Quang Ngai,261417,129247,132170,129139,63038,66101,132278,66209,66069
524,Quảng Ngãi,Quang Ngai,Huyện,Bình Sơn,Binh Son,181050,90191,90859,9158,4412,4746,171892,85779,86113
525,Quảng Ngãi,Quang Ngai,Huyện,Trà Bồng,Tra Bong,32250,16201,16049,7083,3466,3617,25167,12735,12432
526,Quảng Ngãi,Quang Ngai,Huyện,Tây Trà,Tay Tra,20744,10687,10057,0,0,0,20744,10687,10057
527,Quảng Ngãi,Quang Ngai,Huyện,Sơn Tịnh,Son Tinh,95843,48068,47775,0,0,0,95843,48068,47775
528,Quảng Ngãi,Quang Ngai,Huyện,Tư Nghĩa,Tu Nghia,128661,64037,64624,16511,8038,8473,112150,55999,56151
529,Quảng Ngãi,Quang Ngai,Huyện,Sơn Hà,Son Ha,78377,38936,39441,9972,4914,5058,68405,34022,34383
530,Quảng Ngãi,Quang Ngai,Huyện,Sơn Tây,Son Tay,21174,10825,10349,0,0,0,21174,10825,10349
531,Quảng Ngãi,Quang Ngai,Huyện,Minh Long,Minh Long,18722,9434,9288,0,0,0,18722,9434,9288
532,Quảng Ngãi,Quang Ngai,Huyện,Nghĩa Hành,Nghia Hanh,82250,41155,41095,9093,4525,4568,73157,36630,36527
533,Quảng Ngãi,Quang Ngai,Huyện,Mộ Đức,Mo Duc,112592,55010,57582,5797,2843,2954,106795,52167,54628
534,Quảng Ngãi,Quang Ngai,Huyện,Đức Phổ,Duc Pho,120629,59408,61221,8219,3960,4259,112410,55448,56962
535,Quảng Ngãi,Quang Ngai,Huyện,Ba Tơ,Ba To,59438,29471,29967,5961,2940,3021,53477,26531,26946
536,Quảng Ngãi,Quang Ngai,Huyện,Lý Sơn,Ly Son,18550,9244,9306,0,0,0,18550,9244,9306
193,Quảng Ninh,Quang Ninh,Thành phố,Hạ Long,Ha Long,270054,134722,135332,270054,134722,135332,0,0,0
194,Quảng Ninh,Quang Ninh,Thành phố,Móng Cái,Mong Cai,108553,55501,53052,66434,33855,32579,42119,21646,20473
195,Quảng Ninh,Quang Ninh,Thành phố,Cẩm Phả,Cam Pha,190232,98329,91903,182137,94085,88052,8095,4244,3851
196,Quảng Ninh,Quang Ninh,Thành phố,Uông Bí,Uong Bi,120982,60668,60314,113416,56828,56588,7566,3840,3726
198,Quảng Ninh,Quang Ninh,Huyện,Bình Liêu,Binh Lieu,31637,16457,15180,3623,1835,1788,28014,14622,13392
199,Quảng Ninh,Quang Ninh,Huyện,Tiên Yên,Tien Yen,50830,26154,24676,7519,3692,3827,43311,22462,20849
200,Quảng Ninh,Quang Ninh,Huyện,Đầm Hà,Dam Ha,41217,21384,19833,7900,3989,3911,33317,17395,15922
201,Quảng Ninh,Quang Ninh,Huyện,Hải Hà,Hai Ha,61566,31526,30040,7385,3728,3657,54181,27798,26383
202,Quảng Ninh,Quang Ninh,Huyện,Ba Chẽ,Ba Che,22103,11551,10552,4635,2322,2313,17468,9229,8239
203,Quảng Ninh,Quang Ninh,Huyện,Vân Đồn,Van Don,46616,23643,22973,9520,4779,4741,37096,18864,18232
204,Quảng Ninh,Quang Ninh,Huyện,Hoành Bồ,Hoanh Bo,52656,27830,24826,11704,6123,5581,40952,21707,19245
205,Quảng Ninh,Quang Ninh,Thị xã,Đông Triều,Dong Trieu,171673,86265,85408,72923,36383,36540,98750,49882,48868
206,Quảng Ninh,Quang Ninh,Thị xã,Quảng Yên,Quang Yen,145920,74257,71663,85868,43425,42443,60052,30832,29220
207,Quảng Ninh,Quang Ninh,Huyện,Cô Tô,Co To,6285,3235,3050,3136,1614,1522,3149,1621,1528
461,Quảng Trị,Quang Tri,Thành phố,Đông Hà,Dong Ha,95658,47482,48176,95658,47482,48176,0,0,0
462,Quảng Trị,Quang Tri,Thị xã,Quảng Trị,Quang Tri,23356,11459,11897,19390,9470,9920,3966,1989,1977
464,Quảng Trị,Quang Tri,Huyện,Vĩnh Linh,Vinh Linh,87451,43028,44423,23122,11194,11928,64329,31834,32495
465,Quảng Trị,Quang Tri,Huyện,Hướng Hóa,Huong Hoa,90918,45763,45155,24282,12175,12107,66636,33588,33048
466,Quảng Trị,Quang Tri,Huyện,Gio Linh,Gio Linh,75276,37463,37813,13666,6757,6909,61610,30706,30904
467,Quảng Trị,Quang Tri,Huyện,Đa Krông,Da Krong,43208,21958,21250,4732,2386,2346,38476,19572,18904
468,Quảng Trị,Quang Tri,Huyện,Cam Lộ,Cam Lo,47777,23805,23972,6981,3481,3500,40796,20324,20472
469,Quảng Trị,Quang Tri,Huyện,Triệu Phong,Trieu Phong,88852,43668,45184,4320,2120,2200,84532,41548,42984
470,Quảng Trị,Quang Tri,Huyện,Hải Lăng,Hai Lang,79533,38644,40889,3300,1597,1703,76233,37047,39186
471,Quảng Trị,Quang Tri,Huyện,Cồn Cỏ,Con Co,346,223,123,0,0,0,346,223,123
941,Sóc Trăng,Soc Trang,Thành phố,Sóc Trăng,Soc Trang,137305,67459,69846,137305,67459,69846,0,0,0
942,Sóc Trăng,Soc Trang,Huyện,Châu Thành,Chau Thanh,95188,47260,47928,8835,4425,4410,86353,42835,43518
943,Sóc Trăng,Soc Trang,Huyện,Kế Sách,Ke Sach,149156,74359,74797,23607,11718,11889,125549,62641,62908
944,Sóc Trăng,Soc Trang,Huyện,Mỹ Tú,My Tu,90524,44960,45564,7068,3494,3574,83456,41466,41990
945,Sóc Trăng,Soc Trang,Huyện,Cù Lao Dung,Cu Lao Dung,58304,29464,28840,5981,3027,2954,52323,26437,25886
946,Sóc Trăng,Soc Trang,Huyện,Long Phú,Long Phu,94255,46684,47571,21774,10671,11103,72481,36013,36468
947,Sóc Trăng,Soc Trang,Huyện,Mỹ Xuyên,My Xuyen,150067,75019,75048,20235,9886,10349,129832,65133,64699
948,Sóc Trăng,Soc Trang,Thị xã,Ngã Năm,Nga Nam,74115,37201,36914,37745,18975,18770,36370,18226,18144
949,Sóc Trăng,Soc Trang,Huyện,Thạnh Trị,Thanh Tri,73596,36346,37250,24874,12253,12621,48722,24093,24629
950,Sóc Trăng,Soc Trang,Thị xã,Vĩnh Châu,Vinh Chau,164680,82961,81719,74475,37512,36963,90205,45449,44756
951,Sóc Trăng,Soc Trang,Huyện,Trần Đề,Tran De,112463,56209,56254,26651,13238,13413,85812,42971,42841
116,Sơn La,Son La,Thành phố,Sơn La,Son La,106052,52992,53060,70362,34932,35430,35690,18060,17630
118,Sơn La,Son La,Huyện,Quỳnh Nhai,Quynh Nhai,64045,32413,31632,0,0,0,64045,32413,31632
119,Sơn La,Son La,Huyện,Thuận Châu,Thuan Chau,172763,88013,84750,5035,2505,2530,167728,85508,82220
120,Sơn La,Son La,Huyện,Mường La,Muong La,99534,51133,48401,11850,6088,5762,87684,45045,42639
121,Sơn La,Son La,Huyện,Bắc Yên,Bac Yen,66784,33675,33109,5710,2799,2911,61074,30876,30198
122,Sơn La,Son La,Huyện,Phù Yên,Phu Yen,114974,57428,57546,9207,4500,4707,105767,52928,52839
123,Sơn La,Son La,Huyện,Mộc Châu,Moc Chau,114460,57772,56688,42364,21064,21300,72096,36708,35388
124,Sơn La,Son La,Huyện,Yên Châu,Yen Chau,79295,39848,39447,4414,2159,2255,74881,37689,37192
125,Sơn La,Son La,Huyện,Mai Sơn,Mai Son,163881,83486,80395,16931,8316,8615,146950,75170,71780
126,Sơn La,Son La,Huyện,Sông Mã,Song Ma,154224,78565,75659,6988,3472,3516,147236,75093,72143
127,Sơn La,Son La,Huyện,Sốp Cộp,Sop Cop,50215,25734,24481,0,0,0,50215,25734,24481
128,Sơn La,Son La,Huyện,Vân Hồ,Van Ho,62188,31539,30649,0,0,0,62188,31539,30649
703,Tây Ninh,Tay Ninh,Thành phố,Tây Ninh,Tay Ninh,133805,65695,68110,108691,52855,55836,25114,12840,12274
705,Tây Ninh,Tay Ninh,Huyện,Tân Biên,Tan Bien,102190,51536,50654,14659,7251,7408,87531,44285,43246
706,Tây Ninh,Tay Ninh,Huyện,Tân Châu,Tan Chau,134743,68066,66677,9329,4588,4741,125414,63478,61936
707,Tây Ninh,Tay Ninh,Huyện,Dương Minh Châu,Duong Minh Chau,119158,59584,59574,6316,3074,3242,112842,56510,56332
708,Tây Ninh,Tay Ninh,Huyện,Châu Thành,Chau Thanh,140769,70958,69811,9515,4743,4772,131254,66215,65039
709,Tây Ninh,Tay Ninh,Huyện,Hòa Thành,Hoa Thanh,137746,67669,70077,12569,6034,6535,125177,61635,63542
710,Tây Ninh,Tay Ninh,Huyện,Gò Dầu,Go Dau,152757,76591,76166,23970,11611,12359,128787,64980,63807
711,Tây Ninh,Tay Ninh,Huyện,Bến Cầu,Ben Cau,69849,35298,34551,8626,4283,4343,61223,31015,30208
712,Tây Ninh,Tay Ninh,Huyện,Tràng Bàng,Trang Bang,178148,88783,89365,13511,6419,7092,164637,82364,82273
336,Thái Bình,Thai Binh,Thành phố,Thái Bình,Thai Binh,206037,98771,107266,124332,58881,65451,81705,39890,41815
338,Thái Bình,Thai Binh,Huyện,Quỳnh Phụ,Quynh Phu,240940,117230,123710,13607,6674,6933,227333,110556,116777
339,Thái Bình,Thai Binh,Huyện,Hưng Hà,Hung Ha,253272,124400,128872,23270,11542,11728,230002,112858,117144
340,Thái Bình,Thai Binh,Huyện,Đông Hưng,Dong Hung,244838,118928,125910,4332,2137,2195,240506,116791,123715
341,Thái Bình,Thai Binh,Huyện,Thái Thụy,Thai Thuy,255222,124062,131160,10277,4983,5294,244945,119079,125866
342,Thái Bình,Thai Binh,Huyện,Tiền Hải,Tien Hai,215535,106221,109314,7023,3428,3595,208512,102793,105719
343,Thái Bình,Thai Binh,Huyện,Kiến Xương,Kien Xuong,216682,105307,111375,9080,4408,4672,207602,100899,106703
344,Thái Bình,Thai Binh,Huyện,Vũ Thư,Vu Thu,227921,110489,117432,4532,2186,2346,223389,108303,115086
164,Thái Nguyên,Thai Nguyen,Thành phố,Thái Nguyên,Thai Nguyen,340403,165049,175354,249004,120736,128268,91399,44313,47086
165,Thái Nguyên,Thai Nguyen,Thành phố,Sông Công,Song Cong,69382,34110,35272,48007,23512,24495,21375,10598,10777
167,Thái Nguyên,Thai Nguyen,Huyện,Định Hóa,Dinh Hoa,89288,44929,44359,6526,3185,3341,82762,41744,41018
168,Thái Nguyên,Thai Nguyen,Huyện,Phú Lương,Phu Luong,102292,50882,51410,12371,5962,6409,89921,44920,45001
169,Thái Nguyên,Thai Nguyen,Huyện,Đồng Hỷ,Dong Hy,92421,46038,46383,7743,3697,4046,84678,42341,42337
170,Thái Nguyên,Thai Nguyen,Huyện,Võ Nhai,Vo Nhai,68080,34660,33420,3810,1895,1915,64270,32765,31505
171,Thái Nguyên,Thai Nguyen,Huyện,Đại Từ,Dai Tu,171703,85095,86608,19059,9282,9777,152644,75813,76831
172,Thái Nguyên,Thai Nguyen,Thị xã,Phổ Yên,Pho Yen,196378,90756,105622,54291,19938,34353,142087,70818,71269
173,Thái Nguyên,Thai Nguyen,Huyện,Phú Bình,Phu Binh,156804,77678,79126,9456,4665,4791,147348,73013,74335
380,Thanh Hóa,Thanh Hoa,Thành phố,Thanh Hóa,Thanh Hoa,359910,176174,183736,249012,121395,127617,110898,54779,56119
381,Thanh Hóa,Thanh Hoa,Thị xã,Bỉm Sơn,Bim Son,58378,28706,29672,49919,24495,25424,8459,4211,4248
382,Thanh Hóa,Thanh Hoa,Thành phố,Sầm Sơn,Sam Son,109208,54497,54711,91567,45687,45880,17641,8810,8831
384,Thanh Hóa,Thanh Hoa,Huyện,Mường Lát,Muong Lat,39948,20374,19574,3107,1590,1517,36841,18784,18057
385,Thanh Hóa,Thanh Hoa,Huyện,Quan Hóa,Quan Hoa,48856,24753,24103,3913,1956,1957,44943,22797,22146
386,Thanh Hóa,Thanh Hoa,Huyện,Bá Thước,Ba Thuoc,100834,50476,50358,3128,1511,1617,97706,48965,48741
387,Thanh Hóa,Thanh Hoa,Huyện,Quan Sơn,Quan Son,40526,20653,19873,2597,1279,1318,37929,19374,18555
388,Thanh Hóa,Thanh Hoa,Huyện,Lang Chánh,Lang Chanh,49654,25108,24546,4739,2303,2436,44915,22805,22110
389,Thanh Hóa,Thanh Hoa,Huyện,Ngọc Lặc,Ngoc Lac,136611,68736,67875,6375,3072,3303,130236,65664,64572
390,Thanh Hóa,Thanh Hoa,Huyện,Cẩm Thủy,Cam Thuy,110091,55310,54781,5705,2783,2922,104386,52527,51859
391,Thanh Hóa,Thanh Hoa,Huyện,Thạch Thành,Thach Thanh,144343,72561,71782,7201,3548,3653,137142,69013,68129
392,Thanh Hóa,Thanh Hoa,Huyện,Hà Trung,Ha Trung,118826,58935,59891,6831,3313,3518,111995,55622,56373
393,Thanh Hóa,Thanh Hoa,Huyện,Vĩnh Lộc,Vinh Loc,86362,43061,43301,2508,1230,1278,83854,41831,42023
394,Thanh Hóa,Thanh Hoa,Huyện,Yên Định,Yen Dinh,165830,82388,83442,9190,4563,4627,156640,77825,78815
395,Thanh Hóa,Thanh Hoa,Huyện,Thọ Xuân,Tho Xuan,195998,96407,99591,16211,7778,8433,179787,88629,91158
396,Thanh Hóa,Thanh Hoa,Huyện,Thường Xuân,Thuong Xuan,89131,45251,43880,5915,2864,3051,83216,42387,40829
397,Thanh Hóa,Thanh Hoa,Huyện,Triệu Sơn,Trieu Son,202386,100522,101864,7140,3515,3625,195246,97007,98239
398,Thanh Hóa,Thanh Hoa,Huyện,Thiệu hóa,Thieu hoa,160732,80342,80390,8874,4477,4397,151858,75865,75993
399,Thanh Hóa,Thanh Hoa,Huyện,Hoằng Hóa,Hoang Hoa,233043,116181,116862,5102,2499,2603,227941,113682,114259
400,Thanh Hóa,Thanh Hoa,Huyện,Hậu Lộc,Hau Loc,176418,87658,88760,4674,2273,2401,171744,85385,86359
401,Thanh Hóa,Thanh Hoa,Huyện,Nga Sơn,Nga Son,141114,70511,70603,4046,2046,2000,137068,68465,68603
402,Thanh Hóa,Thanh Hoa,Huyện,Như Xuân,Nhu Xuan,66240,33719,32521,4321,2115,2206,61919,31604,30315
403,Thanh Hóa,Thanh Hoa,Huyện,Như Thanh,Nhu Thanh,94906,48359,46547,6486,3186,3300,88420,45173,43247
404,Thanh Hóa,Thanh Hoa,Huyện,Nông Cống,Nong Cong,182801,91891,90910,14005,7064,6941,168796,84827,83969
405,Thanh Hóa,Thanh Hoa,Huyện,Đông Sơn,Dong Son,76923,38223,38700,9410,4674,4736,67513,33549,33964
406,Thanh Hóa,Thanh Hoa,Huyện,Quảng Xương,Quang Xuong,199943,99691,100252,3583,1781,1802,196360,97910,98450
407,Thanh Hóa,Thanh Hoa,Huyện,Tĩnh Gia,Tinh Gia,251116,125514,125602,5844,2828,3016,245272,122686,122586
474,Thừa Thiên Huế,Thua Thien Hue,Thành phố,Huế,Hue,351456,169707,181749,351456,169707,181749,0,0,0
476,Thừa Thiên Huế,Thua Thien Hue,Huyện,Phong Điền,Phong Dien,87781,42899,44882,7479,3663,3816,80302,39236,41066
477,Thừa Thiên Huế,Thua Thien Hue,Huyện,Quảng Điền,Quang Dien,77178,37947,39231,10028,4948,5080,67150,32999,34151
478,Thừa Thiên Huế,Thua Thien Hue,Huyện,Phú Vang,Phu Vang,179589,90766,88823,32504,16493,16011,147085,74273,72812
479,Thừa Thiên Huế,Thua Thien Hue,Thị xã,Hương Thủy,Huong Thuy,113964,57177,56787,67376,33572,33804,46588,23605,22983
480,Thừa Thiên Huế,Thua Thien Hue,Thị xã,Hương Trà,Huong Tra,115088,57617,57471,57188,28367,28821,57900,29250,28650
481,Thừa Thiên Huế,Thua Thien Hue,Huyện,A Lưới,A Luoi,49418,25028,24390,7682,3862,3820,41736,21166,20570
482,Thừa Thiên Huế,Thua Thien Hue,Huyện,Phú Lộc,Phu Loc,129846,65000,64846,21338,10788,10550,108508,54212,54296
483,Thừa Thiên Huế,Thua Thien Hue,Huyện,Nam Đông,Nam Dong,24300,12347,11953,3480,1728,1752,20820,10619,10201
815,Tiền Giang,Tien Giang,Thành phố,Mỹ Tho,My Tho,228109,109181,118928,124104,58253,65851,104005,50928,53077
816,Tiền Giang,Tien Giang,Thị xã,Gò Công,Go Cong,99657,48692,50965,26680,12510,14170,72977,36182,36795
817,Tiền Giang,Tien Giang,Thị xã,Cai Lậy,Cai Lay,125615,61409,64206,35303,16888,18415,90312,44521,45791
818,Tiền Giang,Tien Giang,Huyện,Tân Phước,Tan Phuoc,65331,32709,32622,3294,1600,1694,62037,31109,30928
819,Tiền Giang,Tien Giang,Huyện,Cái Bè,Cai Be,292738,145497,147241,15265,7289,7976,277473,138208,139265
820,Tiền Giang,Tien Giang,Huyện,Cai Lậy,Cai Lay,193328,96224,97104,0,0,0,193328,96224,97104
821,Tiền Giang,Tien Giang,Huyện,Châu Thành,Chau Thanh,263426,128704,134722,4826,2269,2557,258600,126435,132165
822,Tiền Giang,Tien Giang,Huyện,Chợ Gạo,Cho Gao,187711,91999,95712,7497,3610,3887,180214,88389,91825
823,Tiền Giang,Tien Giang,Huyện,Gò Công Tây,Go Cong Tay,127132,62139,64993,11293,5354,5939,115839,56785,59054
824,Tiền Giang,Tien Giang,Huyện,Gò Công Đông,Go Cong Dong,139060,68401,70659,19073,9336,9737,119987,59065,60922
825,Tiền Giang,Tien Giang,Huyện,Tân Phú Đông,Tan Phu Dong,42078,20866,21212,0,0,0,42078,20866,21212
842,Trà Vinh,Tra Vinh,Thành phố,Trà Vinh,Tra Vinh,112584,54026,58558,90714,43702,47012,21870,10324,11546
844,Trà Vinh,Tra Vinh,Huyện,Càng Long,Cang Long,147694,72740,74954,13610,6615,6995,134084,66125,67959
845,Trà Vinh,Tra Vinh,Huyện,Cầu Kè,Cau Ke,102767,50421,52346,6157,2945,3212,96610,47476,49134
846,Trà Vinh,Tra Vinh,Huyện,Tiểu Cần,Tieu Can,107846,52996,54850,14844,7118,7726,93002,45878,47124
847,Trà Vinh,Tra Vinh,Huyện,Châu Thành,Chau Thanh,144040,70930,73110,6102,2959,3143,137938,67971,69967
848,Trà Vinh,Tra Vinh,Huyện,Cầu Ngang,Cau Ngang,121254,59851,61403,10070,4808,5262,111184,55043,56141
849,Trà Vinh,Tra Vinh,Huyện,Trà Cú,Tra Cu,146329,72004,74325,11294,5469,5825,135035,66535,68500
850,Trà Vinh,Tra Vinh,Huyện,Duyên Hải,Duyen Hai,78444,39271,39173,5238,2633,2605,73206,36638,36568
851,Trà Vinh,Tra Vinh,Thị xã,Duyên Hải,Duyen Hai,48210,24619,23591,15557,7712,7845,32653,16907,15746
070,Tuyên Quang,Tuyen Quang,Thành phố,Tuyên Quang,Tuyen Quang,104645,50994,53651,62375,30238,32137,42270,20756,21514
071,Tuyên Quang,Tuyen Quang,Huyện,Lâm Bình,Lam Binh,31137,15954,15183,0,0,0,31137,15954,15183
072,Tuyên Quang,Tuyen Quang,Huyện,Nà Hang,Na Hang,43248,21864,21384,7289,3643,3646,35959,18221,17738
073,Tuyên Quang,Tuyen Quang,Huyện,Chiêm Hóa,Chiem Hoa,127073,64721,62352,8594,4195,4399,118479,60526,57953
074,Tuyên Quang,Tuyen Quang,Huyện,Hàm Yên,Ham Yen,121342,61695,59647,11155,5483,5672,110187,56212,53975
075,Tuyên Quang,Tuyen Quang,Huyện,Yên Sơn,Yen Son,173766,87532,86234,4402,2169,2233,169364,85363,84001
076,Tuyên Quang,Tuyen Quang,Huyện,Sơn Dương,Son Duong,183600,92386,91214,14472,7149,7323,169128,85237,83891
855,Vĩnh Long,Vinh Long,Thành phố,Vĩnh Long,Vinh Long,137870,67557,70313,102047,49903,52144,35823,17654,18169
857,Vĩnh Long,Vinh Long,Huyện,Long Hồ,Long Ho,167698,82497,85201,7061,3429,3632,160637,79068,81569
858,Vĩnh Long,Vinh Long,Huyện,Mang Thít,Mang Thit,96172,47503,48669,3539,1706,1833,92633,45797,46836
859,Vĩnh Long,Vinh Long,Huyện,Vũng Liêm,Vung Liem,149371,72884,76487,7274,3451,3823,142097,69433,72664
860,Vĩnh Long,Vinh Long,Huyện,Tam Bình,Tam Binh,151520,74807,76713,4905,2355,2550,146615,72452,74163
861,Vĩnh Long,Vinh Long,Thị xã,Bình Minh,Binh Minh,94862,47075,47787,35740,17410,18330,59122,29665,29457
862,Vĩnh Long,Vinh Long,Huyện,Trà Ôn,Tra On,129589,63701,65888,9107,4273,4834,120482,59428,61054
863,Vĩnh Long,Vinh Long,Huyện,Bình Tân,Binh Tan,95709,47854,47855,0,0,0,95709,47854,47855
243,Vĩnh Phúc,Vinh Phuc,Thành phố,Vĩnh Yên,Vinh Yen,119128,58918,60210,99273,49091,50182,19855,9827,10028
244,Vĩnh Phúc,Vinh Phuc,Thành phố,Phúc Yên,Phuc Yen,106002,52124,53878,82687,40427,42260,23315,11697,11618
246,Vĩnh Phúc,Vinh Phuc,Huyện,Lập Thạch,Lap Thach,136150,68157,67993,14305,7095,7210,121845,61062,60783
247,Vĩnh Phúc,Vinh Phuc,Huyện,Tam Dương,Tam Duong,114391,57006,57385,11154,5568,5586,103237,51438,51799
248,Vĩnh Phúc,Vinh Phuc,Huyện,Tam Đảo,Tam Dao,83931,42584,41347,781,406,375,83150,42178,40972
249,Vĩnh Phúc,Vinh Phuc,Huyện,Bình Xuyên,Binh Xuyen,131013,65647,65366,39940,19902,20038,91073,45745,45328
251,Vĩnh Phúc,Vinh Phuc,Huyện,Yên Lạc,Yen Lac,156456,78072,78384,14986,7537,7449,141470,70535,70935
252,Vĩnh Phúc,Vinh Phuc,Huyện,Vĩnh Tường,Vinh Tuong,205345,101823,103522,28350,14072,14278,176995,87751,89244
253,Vĩnh Phúc,Vinh Phuc,Huyện,Sông Lô,Song Lo,98738,49290,49448,3518,1746,1772,95220,47544,47676
132,Yên Bái,Yen Bai,Thành phố,Yên Bái,Yen Bai,100631,49278,51353,75822,36933,38889,24809,12345,12464
133,Yên Bái,Yen Bai,Thị xã,Nghĩa Lộ,Nghia Lo,31786,15845,15941,22253,11022,11231,9533,4823,4710
135,Yên Bái,Yen Bai,Huyện,Lục Yên,Luc Yen,108817,55367,53450,9861,4846,5015,98956,50521,48435
136,Yên Bái,Yen Bai,Huyện,Văn Yên,Van Yen,129679,65573,64106,11596,5629,5967,118083,59944,58139
137,Yên Bái,Yen Bai,Huyện,Mù Căng Chải,Mu Cang Chai,63961,32312,31649,3425,1722,1703,60536,30590,29946
138,Yên Bái,Yen Bai,Huyện,Trấn Yên,Tran Yen,84675,42217,42458,5788,2814,2974,78887,39403,39484
139,Yên Bái,Yen Bai,Huyện,Trạm Tấu,Tram Tau,33962,17245,16717,2926,1490,1436,31036,15755,15281
140,Yên Bái,Yen Bai,Huyện,Văn Chấn,Van Chan,155473,78475,76998,15023,7401,7622,140450,71074,69376
141,Yên Bái,Yen Bai,Huyện,Yên Bình,Yen Binh,112046,56665,55381,15961,8027,7934,96085,48638,47447